0
0.01
0.0200001
0.0300003
0.0400006
0.050001
0.0600015
0.0700022
0.0800029
0.0900037
0.100005
0.110006
0.120007
0.130008
0.140009
0.150011
0.160012
0.170014
0.180016
0.190018
0.20002
0.210022
0.220024
0.230026
0.240029
0.250031
0.260034
0.270036
0.280039
0.290042
0.300045
0.310048
0.320052
0.330055
0.340059
0.350062
0.360066
0.37007
0.380074
0.390078
0.400082
0.410086
0.42009
0.430095
0.440099
0.450104
0.460109
0.470114
0.480119
0.490124
0.500129
0.510134
0.52014
0.530145
0.540151
0.550157
0.560163
0.570169
0.580175
0.590181
0.600188
0.610194
0.620201
0.630207
0.640214
0.650221
0.660228
0.670235
0.680243
0.69025
0.700258
0.710265
0.720273
0.730281
0.740289
0.750297
0.760305
0.770314
0.780322
0.790331
0.800339
0.810348
0.820357
0.830366
0.840375
0.850385
0.860394
0.870404
0.880413
0.890423
0.900433
0.910443
0.920453
0.930463
0.940474
0.950484
0.960495
0.970505
0.980516
0.990527
1.00054
1.01055
1.02056
1.03057
1.04058
1.0506
1.06061
1.07062
1.08063
1.09064
1.10066
1.11067
1.12068
1.13069
1.14071
1.15072
1.16073
1.17075
1.18076
1.19077
1.20079
1.2108
1.22081
1.23083
1.24084
1.25086
1.26087
1.27089
1.2809
1.29092
1.30093
1.31095
1.32096
1.33098
1.34099
1.35101
1.36102
1.37104
1.38105
1.39107
1.40109
1.4111
1.42112
1.43114
1.44115
1.45117
1.46119
1.4712
1.48122
1.49124
1.50126
1.51127
1.52129
1.53131
1.54133
1.55135
1.56136
1.57138
1.5814
1.59142
1.60144
1.61146
1.62148
1.6315
1.64152
1.65154
1.66156
1.67158
1.6816
1.69162
1.70164
1.71166
1.72168
1.7317
1.74172
1.75174
1.76176
1.77178
1.7818
1.79183
1.80185
1.81187
1.82189
1.83191
1.84194
1.85196
1.86198
1.872
1.88203
1.89205
1.90207
1.9121
1.92212
1.93214
1.94217
1.95219
1.96222
1.97224
1.98226
1.99229
2.00231
2.01234
2.02236
2.03239
2.04241
2.05244
2.06246
2.07249
2.08252
2.09254
2.10257
2.11259
2.12262
2.13265
2.14267
2.1527
2.16273
2.17276
2.18278
2.19281
2.20284
2.21287
2.22289
2.23292
2.24295
2.25298
2.26301
2.27304
2.28307
2.2931
2.30313
2.31315
2.32318
2.33321
2.34324
2.35327
2.3633
2.37333
2.38337
2.3934
2.40343
2.41346
2.42349
2.43352
2.44355
2.45358
2.46362
2.47365
2.48368
2.49371
2.50375
2.51378
2.52381
2.53384
2.54388
2.55391
2.56394
2.57398
2.58401
2.59405
2.60408
2.61411
2.62415
2.63418
2.64422
2.65425
2.66429
2.67432
2.68436
2.6944
2.70443
2.71447
2.7245
2.73454
2.74458
2.75461
2.76465
2.77469
2.78473
2.79476
2.8048
2.81484
2.82488
2.83491
2.84495
2.85499
2.86503
2.87507
2.88511
2.89515
2.90519
2.91523
2.92527
2.93531
2.94535
2.95539
2.96543
2.97547
2.98551
2.99555
3.00559
3.01563
3.02568
3.03572
3.04576
3.0558
3.06584
3.07589
3.08593
3.09597
3.10601
3.11606
3.1261
3.13615
3.14619
3.15623
3.16628
3.17632
3.18637
3.19641
3.20646
3.2165
3.22655
3.23659
3.24664
3.25668
3.26673
3.27678
3.28682
3.29687
3.30692
3.31696
3.32701
3.33706
3.34711
3.35716
3.3672
3.37725
3.3873
3.39735
3.4074
3.41745
3.4275
3.43755
3.4476
3.45765
3.4677
3.47775
3.4878
3.49785
3.5079
3.51795
3.528
3.53805
3.5481
3.55816
3.56821
3.57826
3.58831
3.59837
3.60842
3.61847
3.62853
3.63858
3.64863
3.65869
3.66874
3.6788
3.68885
3.69891
3.70896
3.71902
3.72907
3.73913
3.74918
3.75924
3.7693
3.77935
3.78941
3.79947
3.80952
3.81958
3.82964
3.8397
3.84975
3.85981
3.86987
3.87993
3.88999
3.90005
3.91011
3.92017
3.93023
3.94029
3.95035
3.96041
3.97047
3.98053
3.99059
4.00065
4.01071
4.02078
4.03084
4.0409
4.05096
4.06103
4.07109
4.08115
4.09122
4.10128
4.11134
4.12141
4.13147
4.14154
4.1516
4.16167
4.17173
4.1818
4.19186
4.20193
4.212
4.22206
4.23213
4.2422
4.25226
4.26233
4.2724
4.28247
4.29254
4.3026
4.31267
4.32274
4.33281
4.34288
4.35295
4.36302
4.37309
4.38316
4.39323
4.4033
4.41337
4.42345
4.43352
4.44359
4.45366
4.46373
4.47381
4.48388
4.49395
4.50403
4.5141
4.52417
4.53425
4.54432
4.5544
4.56447
4.57455
4.58462
4.5947
4.60477
4.61485
4.62493
4.635
4.64508
4.65516
4.66524
4.67531
4.68539
4.69547
4.70555
4.71563
4.72571
4.73579
4.74587
4.75595
4.76603
4.77611
4.78619
4.79627
4.80635
4.81643
4.82651
4.83659
4.84668
4.85676
4.86684
4.87692
4.88701
4.89709
4.90718
4.91726
4.92734
4.93743
4.94751
4.9576
4.96769
4.97777
4.98786
4.99794
5.00803
5.01812
5.02821
5.03829
5.04838
5.05847
5.06856
5.07865
5.08874
5.09882
5.10891
5.119
5.12909
5.13919
5.14928
5.15937
5.16946
5.17955
5.18964
5.19973
5.20983
5.21992
5.23001
5.24011
5.2502
5.26029
5.27039
5.28048
5.29058
5.30067
5.31077
5.32086
5.33096
5.34106
5.35115
5.36125
5.37135
5.38145
5.39154
5.40164
5.41174
5.42184
5.43194
5.44204
5.45214
5.46224
5.47234
5.48244
5.49254
5.50264
5.51274
5.52285
5.53295
5.54305
5.55315
5.56326
5.57336
5.58346
5.59357
5.60367
5.61378
5.62388
5.63399
5.6441
5.6542
5.66431
5.67441
5.68452
5.69463
5.70474
5.71485
5.72495
5.73506
5.74517
5.75528
5.76539
5.7755
5.78561
5.79572
5.80583
5.81595
5.82606
5.83617
5.84628
5.8564
5.86651
5.87662
5.88674
5.89685
5.90697
5.91708
5.9272
5.93731
5.94743
5.95754
5.96766
5.97778
5.98789
5.99801
6.00813
6.01825
6.02837
6.03849
6.04861
6.05873
6.06885
6.07897
6.08909
6.09921
6.10933
6.11945
6.12958
6.1397
6.14982
6.15995
6.17007
6.18019
6.19032
6.20044
6.21057
6.22069
6.23082
6.24095
6.25107
6.2612
6.27133
6.28146
6.29159
6.30171
6.31184
6.32197
6.3321
6.34223
6.35236
6.36249
6.37263
6.38276
6.39289
6.40302
6.41316
6.42329
6.43342
6.44356
6.45369
6.46383
6.47396
6.4841
6.49423
6.50437
6.51451
6.52464
6.53478
6.54492
6.55506
6.5652
6.57534
6.58548
6.59562
6.60576
6.6159
6.62604
6.63618
6.64632
6.65647
6.66661
6.67675
6.6869
6.69704
6.70719
6.71733
6.72748
6.73762
6.74777
6.75792
6.76806
6.77821
6.78836
6.79851
6.80866
6.81881
6.82896
6.83911
6.84926
6.85941
6.86956
6.87971
6.88986
6.90002
6.91017
6.92032
6.93048
6.94063
6.95079
6.96094
6.9711
6.98125
6.99141
7.00157
7.01173
7.02188
7.03204
7.0422
7.05236
7.06252
7.07268
7.08284
7.093
7.10317
7.11333
7.12349
7.13365
7.14382
7.15398
7.16415
7.17431
7.18448
7.19464
7.20481
7.21498
7.22514
7.23531
7.24548
7.25565
7.26582
7.27599
7.28616
7.29633
7.3065
7.31667
7.32684
7.33702
7.34719
7.35736
7.36754
7.37771
7.38789
7.39806
7.40824
7.41841
7.42859
7.43877
7.44895
7.45913
7.4693
7.47948
7.48966
7.49984
7.51003
7.52021
7.53039
7.54057
7.55076
7.56094
7.57112
7.58131
7.59149
7.60168
7.61186
7.62205
7.63224
7.64243
7.65261
7.6628
7.67299
7.68318
7.69337
7.70356
7.71376
7.72395
7.73414
7.74433
7.75453
7.76472
7.77492
7.78511
7.79531
7.8055
7.8157
7.8259
7.8361
7.84629
7.85649
7.86669
7.87689
7.88709
7.8973
7.9075
7.9177
7.9279
7.93811
7.94831
7.95851
7.96872
7.97893
7.98913
7.99934
8.00955
8.01975
8.02996
8.04017
8.05038
8.06059
8.0708
8.08102
8.09123
8.10144
8.11165
8.12187
8.13208
8.1423
8.15251
8.16273
8.17295
8.18316
8.19338
8.2036
8.21382
8.22404
8.23426
8.24448
8.2547
8.26492
8.27515
8.28537
8.2956
8.30582
8.31605
8.32627
8.3365
8.34673
8.35695
8.36718
8.37741
8.38764
8.39787
8.4081
8.41833
8.42857
8.4388
8.44903
8.45927
8.4695
8.47974
8.48997
8.50021
8.51045
8.52069
8.53092
8.54116
8.5514
8.56164
8.57189
8.58213
8.59237
8.60261
8.61286
8.6231
8.63335
8.64359
8.65384
8.66409
8.67434
8.68458
8.69483
8.70508
8.71533
8.72559
8.73584
8.74609
8.75634
8.7666
8.77685
8.78711
8.79737
8.80762
8.81788
8.82814
8.8384
8.84866
8.85892
8.86918
8.87944
8.8897
8.89997
8.91023
8.9205
8.93076
8.94103
8.9513
8.96156
8.97183
8.9821
8.99237
9.00264
9.01291
9.02318
9.03346
9.04373
9.05401
9.06428
9.07456
9.08483
9.09511
9.10539
9.11567
9.12595
9.13623
9.14651
9.15679
9.16707
9.17736
9.18764
9.19793
9.20821
9.2185
9.22879
9.23907
9.24936
9.25965
9.26994
9.28023
9.29053
9.30082
9.31111
9.32141
9.3317
9.342
9.35229
9.36259
9.37289
9.38319
9.39349
9.40379
9.41409
9.4244
9.4347
9.445
9.45531
9.46561
9.47592
9.48623
9.49654
9.50684
9.51715
9.52747
9.53778
9.54809
9.5584
9.56872
9.57903
9.58935
9.59967
9.60998
9.6203
9.63062
9.64094
9.65126
9.66158
9.67191
9.68223
9.69256
9.70288
9.71321
9.72353
9.73386
9.74419
9.75452
9.76485
9.77518
9.78552
9.79585
9.80618
9.81652
9.82686
9.83719
9.84753
9.85787
9.86821
9.87855
9.88889
9.89924
9.90958
9.91992
9.93027
9.94062
9.95096
9.96131
9.97166
9.98201
9.99236
10.0027
10.0131
10.0234
10.0338
10.0441
10.0545
10.0648
10.0752
10.0856
10.0959
10.1063
10.1166
10.127
10.1374
10.1477
10.1581
10.1685
10.1788
10.1892
10.1996
10.21
10.2203
10.2307
10.2411
10.2515
10.2618
10.2722
10.2826
10.293
10.3033
10.3137
10.3241
10.3345
10.3449
10.3553
10.3657
10.376
10.3864
10.3968
10.4072
10.4176
10.428
10.4384
10.4488
10.4592
10.4696
10.48
10.4904
10.5008
10.5112
10.5216
10.532
10.5424
10.5528
10.5632
10.5736
10.584
10.5944
10.6049
10.6153
10.6257
10.6361
10.6465
10.6569
10.6673
10.6778
10.6882
10.6986
10.709
10.7195
10.7299
10.7403
10.7507
10.7612
10.7716
10.782
10.7925
10.8029
10.8133
10.8238
10.8342
10.8446
10.8551
10.8655
10.876
10.8864
10.8968
10.9073
10.9177
10.9282
10.9386
10.9491
10.9595
10.97
10.9804
10.9909
11.0014
11.0118
11.0223
11.0327
11.0432
11.0537
11.0641
11.0746
11.0851
11.0955
11.106
11.1165
11.1269
11.1374
11.1479
11.1584
11.1688
11.1793
11.1898
11.2003
11.2108
11.2212
11.2317
11.2422
11.2527
11.2632
11.2737
11.2842
11.2947
11.3052
11.3156
11.3261
11.3366
11.3471
11.3576
11.3681
11.3786
11.3892
11.3997
11.4102
11.4207
11.4312
11.4417
11.4522
11.4627
11.4732
11.4838
11.4943
11.5048
11.5153
11.5258
11.5364
11.5469
11.5574
11.5679
11.5785
11.589
11.5995
11.6101
11.6206
11.6311
11.6417
11.6522
11.6628
11.6733
11.6839
11.6944
11.705
11.7155
11.7261
11.7366
11.7472
11.7577
11.7683
11.7788
11.7894
11.7999
11.8105
11.8211
11.8316
11.8422
11.8528
11.8633
11.8739
11.8845
11.8951
11.9056
11.9162
11.9268
11.9374
11.948
11.9586
11.9691
11.9797
11.9903
12.0009
12.0115
12.0221
12.0327
12.0433
12.0539
12.0645
12.0751
12.0857
12.0963
12.1069
12.1175
12.1281
12.1387
12.1494
12.16
12.1706
12.1812
12.1918
12.2024
12.2131
12.2237
12.2343
12.245
12.2556
12.2662
12.2769
12.2875
12.2981
12.3088
12.3194
12.3301
12.3407
12.3513
12.362
12.3726
12.3833
12.3939
12.4046
12.4153
12.4259
12.4366
12.4472
12.4579
12.4686
12.4792
12.4899
12.5006
12.5113
12.5219
12.5326
12.5433
12.554
12.5647
12.5753
12.586
12.5967
12.6074
12.6181
12.6288
12.6395
12.6502
12.6609
12.6716
12.6823
12.693
12.7037
12.7144
12.7251
12.7358
12.7466
12.7573
12.768
12.7787
12.7894
12.8002
12.8109
12.8216
12.8323
12.8431
12.8538
12.8646
12.8753
12.886
12.8968
12.9075
12.9183
12.929
12.9398
12.9505
12.9613
12.972
12.9828
12.9936
13.0043
13.0151
13.0259
13.0366
13.0474
13.0582
13.069
13.0797
13.0905
13.1013
13.1121
13.1229
13.1337
13.1444
13.1552
13.166
13.1768
13.1876
13.1984
13.2092
13.2201
13.2309
13.2417
13.2525
13.2633
13.2741
13.2849
13.2958
13.3066
13.3174
13.3282
13.3391
13.3499
13.3607
13.3716
13.3824
13.3933
13.4041
13.415
13.4258
13.4367
13.4475
13.4584
13.4692
13.4801
13.491
13.5018
13.5127
13.5236
13.5344
13.5453
13.5562
13.5671
13.578
13.5888
13.5997
13.6106
13.6215
13.6324
13.6433
13.6542
13.6651
13.676
13.6869
13.6978
13.7087
13.7197
13.7306
13.7415
13.7524
13.7633
13.7743
13.7852
13.7961
13.8071
13.818
13.829
13.8399
13.8508
13.8618
13.8727
13.8837
13.8946
13.9056
13.9166
13.9275
13.9385
13.9495
13.9604
13.9714
13.9824
13.9934
14.0044
14.0153
14.0263
14.0373
14.0483
14.0593
14.0703
14.0813
14.0923
14.1033
14.1143
14.1253
14.1364
14.1474
14.1584
14.1694
14.1804
14.1915
14.2025
14.2135
14.2246
14.2356
14.2467
14.2577
14.2688
14.2798
14.2909
14.3019
14.313
14.3241
14.3351
14.3462
14.3573
14.3683
14.3794
14.3905
14.4016
14.4127
14.4238
14.4348
14.4459
14.457
14.4681
14.4792
14.4904
14.5015
14.5126
14.5237
14.5348
14.5459
14.5571
14.5682
14.5793
14.5905
14.6016
14.6127
14.6239
14.635
14.6462
14.6573
14.6685
14.6797
14.6908
14.702
14.7132
14.7243
14.7355
14.7467
14.7579
14.7691
14.7802
14.7914
14.8026
14.8138
14.825
14.8362
14.8475
14.8587
14.8699
14.8811
14.8923
14.9035
14.9148
14.926
14.9372
14.9485
14.9597
14.971
14.9822
14.9935
15.0047
15.016
15.0272
15.0385
15.0498
15.061
15.0723
15.0836
15.0949
15.1062
15.1175
15.1288
15.1401
15.1514
15.1627
15.174
15.1853
15.1966
15.2079
15.2192
15.2306
15.2419
15.2532
15.2645
15.2759
15.2872
15.2986
15.3099
15.3213
15.3326
15.344
15.3554
15.3667
15.3781
15.3895
15.4009
15.4122
15.4236
15.435
15.4464
15.4578
15.4692
15.4806
15.492
15.5034
15.5149
15.5263
15.5377
15.5491
15.5606
15.572
15.5834
15.5949
15.6063
15.6178
15.6292
15.6407
15.6522
15.6636
15.6751
15.6866
15.6981
15.7095
15.721
15.7325
15.744
15.7555
15.767
15.7785
15.79
15.8016
15.8131
15.8246
15.8361
15.8477
15.8592
15.8707
15.8823
15.8938
15.9054
15.9169
15.9285
15.94
15.9516
15.9632
15.9748
15.9863
15.9979
16.0095
16.0211
16.0327
16.0443
16.0559
16.0675
16.0791
16.0908
16.1024
16.114
16.1256
16.1373
16.1489
16.1606
16.1722
16.1839
16.1955
16.2072
16.2188
16.2305
16.2422
16.2539
16.2656
16.2772
16.2889
16.3006
16.3123
16.324
16.3357
16.3475
16.3592
16.3709
16.3826
16.3944
16.4061
16.4178
16.4296
16.4413
16.4531
16.4649
16.4766
16.4884
16.5002
16.5119
16.5237
16.5355
16.5473
16.5591
16.5709
16.5827
16.5945
16.6063
16.6182
16.63
16.6418
16.6536
16.6655
16.6773
16.6892
16.701
16.7129
16.7247
16.7366
16.7485
16.7604
16.7722
16.7841
16.796
16.8079
16.8198
16.8317
16.8436
16.8556
16.8675
16.8794
16.8913
16.9033
16.9152
16.9272
16.9391
16.9511
16.963
16.975
16.987
16.9989
17.0109
17.0229
17.0349
17.0469
17.0589
17.0709
17.0829
17.0949
17.1069
17.119
17.131
17.143
17.1551
17.1671
17.1792
17.1912
17.2033
17.2154
17.2274
17.2395
17.2516
17.2637
17.2758
17.2879
17.3
17.3121
17.3242
17.3363
17.3484
17.3606
17.3727
17.3848
17.397
17.4091
17.4213
17.4335
17.4456
17.4578
17.47
17.4822
17.4943
17.5065
17.5187
17.5309
17.5431
17.5554
17.5676
17.5798
17.592
17.6043
17.6165
17.6288
17.641
17.6533
17.6655
17.6778
17.6901
17.7024
17.7147
17.727
17.7393
17.7516
17.7639
17.7762
17.7885
17.8008
17.8132
17.8255
17.8378
17.8502
17.8625
17.8749
17.8873
17.8996
17.912
17.9244
17.9368
17.9492
17.9616
17.974
17.9864
17.9988
18.0112
18.0237
18.0361
18.0485
18.061
18.0734
18.0859
18.0984
18.1108
18.1233
18.1358
18.1483
18.1608
18.1733
18.1858
18.1983
18.2108
18.2233
18.2358
18.2484
18.2609
18.2735
18.286
18.2986
18.3111
18.3237
18.3363
18.3488
18.3614
18.374
18.3866
18.3992
18.4118
18.4245
18.4371
18.4497
18.4623
18.475
18.4876
18.5003
18.5129
18.5256
18.5383
18.551
18.5636
18.5763
18.589
18.6017
18.6144
18.6272
18.6399
18.6526
18.6653
18.6781
18.6908
18.7036
18.7163
18.7291
18.7419
18.7546
18.7674
18.7802
18.793
18.8058
18.8186
18.8314
18.8442
18.8571
18.8699
18.8827
18.8956
18.9084
18.9213
18.9341
18.947
18.9599
18.9728
18.9857
18.9985
19.0114
19.0244
19.0373
19.0502
19.0631
19.076
19.089
19.1019
19.1149
19.1278
19.1408
19.1538
19.1667
19.1797
19.1927
19.2057
19.2187
19.2317
19.2447
19.2578
19.2708
19.2838
19.2969
19.3099
19.323
19.336
19.3491
19.3622
19.3752
19.3883
19.4014
19.4145
19.4276
19.4407
19.4538
19.467
19.4801
19.4932
19.5064
19.5195
19.5327
19.5458
19.559
19.5722
19.5854
19.5986
19.6118
19.625
19.6382
19.6514
19.6646
19.6778
19.6911
19.7043
19.7176
19.7308
19.7441
19.7573
19.7706
19.7839
19.7972
19.8105
19.8238
19.8371
19.8504
19.8637
19.877
19.8904
19.9037
19.917
19.9304
19.9438
19.9571
19.9705
19.9839
19.9973
20.0106
20.024
20.0374
20.0509
20.0643
20.0777
20.0911
20.1046
20.118
20.1315
20.1449
20.1584
20.1719
20.1853
20.1988
20.2123
20.2258
20.2393
20.2528
20.2663
20.2798
20.2934
20.3069
20.3205
20.334
20.3476
20.3611
20.3747
20.3883
20.4018
20.4154
20.429
20.4426
20.4562
20.4699
20.4835
20.4971
20.5107
20.5244
20.538
20.5517
20.5653
20.579
20.5927
20.6064
20.6201
20.6337
20.6474
20.6612
20.6749
20.6886
20.7023
20.716
20.7298
20.7435
20.7573
20.771
20.7848
20.7986
20.8124
20.8261
20.8399
20.8537
20.8675
20.8813
20.8952
20.909
20.9228
20.9367
20.9505
20.9643
20.9782
20.9921
21.0059
21.0198
21.0337
21.0476
21.0615
21.0754
21.0893
21.1032
21.1171
21.1311
21.145
21.1589
21.1729
21.1868
21.2008
21.2148
21.2287
21.2427
21.2567
21.2707
21.2847
21.2987
21.3127
21.3267
21.3407
21.3548
21.3688
21.3829
21.3969
21.411
21.425
21.4391
21.4532
21.4672
21.4813
21.4954
21.5095
21.5236
21.5377
21.5519
21.566
21.5801
21.5943
21.6084
21.6226
21.6367
21.6509
21.665
21.6792
21.6934
21.7076
21.7218
21.736
21.7502
21.7644
21.7786
21.7928
21.8071
21.8213
21.8356
21.8498
21.8641
21.8783
21.8926
21.9069
21.9212
21.9354
21.9497
21.964
21.9783
21.9926
22.007
22.0213
22.0356
22.05
22.0643
22.0786
22.093
22.1074
22.1217
22.1361
22.1505
22.1649
22.1792
22.1936
22.208
22.2224
22.2369
22.2513
22.2657
22.2801
22.2946
22.309
22.3235
22.3379
22.3524
22.3668
22.3813
22.3958
22.4103
22.4248
22.4393
22.4538
22.4683
22.4828
22.4973
22.5118
22.5264
22.5409
22.5554
22.57
22.5845
22.5991
22.6137
22.6282
22.6428
22.6574
22.672
22.6866
22.7012
22.7158
22.7304
22.745
22.7596
22.7742
22.7889
22.8035
22.8181
22.8328
22.8474
22.8621
22.8768
22.8914
22.9061
22.9208
22.9355
22.9502
22.9649
22.9796
22.9943
23.009
23.0237
23.0384
23.0532
23.0679
23.0826
23.0974
23.1121
23.1269
23.1417
23.1564
23.1712
23.186
23.2008
23.2155
23.2303
23.2451
23.2599
23.2747
23.2896
23.3044
23.3192
23.334
23.3489
23.3637
23.3785
23.3934
23.4082
23.4231
23.438
23.4528
23.4677
23.4826
23.4975
23.5124
23.5273
23.5422
23.5571
23.572
23.5869
23.6018
23.6167
23.6317
23.6466
23.6615
23.6765
23.6914
23.7064
23.7213
23.7363
23.7513
23.7662
23.7812
23.7962
23.8112
23.8262
23.8412
23.8561
23.8712
23.8862
23.9012
23.9162
23.9312
23.9462
23.9613
23.9763
23.9913
24.0064
24.0214
24.0365
24.0516
24.0666
24.0817
24.0968
24.1118
24.1269
24.142
24.1571
24.1722
24.1873
24.2024
24.2175
24.2326
24.2477
24.2628
24.278
24.2931
24.3082
24.3233
24.3385
24.3536
24.3688
24.3839
24.3991
24.4142
24.4294
24.4446
24.4598
24.4749
24.4901
24.5053
24.5205
24.5357
24.5509
24.5661
24.5813
24.5965
24.6117
24.6269
24.6421
24.6574
24.6726
24.6878
24.7031
24.7183
24.7335
24.7488
24.764
24.7793
24.7946
24.8098
24.8251
24.8404
24.8556
24.8709
24.8862
24.9015
24.9168
24.932
24.9473
24.9626
24.9779
24.9932
25.0086
25.0239
25.0392
25.0545
25.0698
25.0851
25.1005
25.1158
25.1311
25.1465
25.1618
25.1772
25.1925
25.2079
25.2232
25.2386
25.254
25.2693
25.2847
25.3001
25.3154
25.3308
25.3462
25.3616
25.377
25.3924
25.4078
25.4232
25.4386
25.454
25.4694
25.4848
25.5002
25.5156
25.531
25.5464
25.5619
25.5773
25.5927
25.6082
25.6236
25.639
25.6545
25.6699
25.6854
25.7008
25.7163
25.7317
25.7472
25.7627
25.7781
25.7936
25.8091
25.8245
25.84
25.8555
25.871
25.8864
25.9019
25.9174
25.9329
25.9484
25.9639
25.9794
25.9949
26.0104
26.0259
26.0414
26.0569
26.0724
26.088
26.1035
26.119
26.1345
26.15
26.1656
26.1811
26.1966
26.2122
26.2277
26.2432
26.2588
26.2743
26.2899
26.3054
26.321
26.3365
26.3521
26.3676
26.3832
26.3988
26.4143
26.4299
26.4454
26.461
26.4766
26.4922
26.5077
26.5233
26.5389
26.5545
26.5701
26.5856
26.6012
26.6168
26.6324
26.648
26.6636
26.6792
26.6948
26.7104
26.726
26.7416
26.7572
26.7728
26.7884
26.804
26.8196
26.8353
26.8509
26.8665
26.8821
26.8977
26.9134
26.929
26.9446
26.9602
26.9759
26.9915
27.0071
27.0228
27.0384
27.054
27.0697
27.0853
27.1009
27.1166
27.1322
27.1479
27.1635
27.1792
27.1948
27.2105
27.2261
27.2418
27.2574
27.2731
27.2887
27.3044
27.3201
27.3357
27.3514
27.367
27.3827
27.3984
27.414
27.4297
27.4454
27.461
27.4767
27.4924
27.5081
27.5237
27.5394
27.5551
27.5708
27.5864
27.6021
27.6178
27.6335
27.6492
27.6649
27.6805
27.6962
27.7119
27.7276
27.7433
27.759
27.7747
27.7904
27.8061
27.8217
27.8374
27.8531
27.8688
27.8845
27.9002
27.9159
27.9316
27.9473
27.963
27.9787
27.9944
28.0101
28.0258
28.0415
28.0572
28.0729
28.0886
28.1043
28.12
28.1357
28.1515
28.1672
28.1829
28.1986
28.2143
28.23
28.2457
28.2614
28.2771
28.2928
28.3086
28.3243
28.34
28.3557
28.3714
28.3871
28.4028
28.4185
28.4343
28.45
28.4657
28.4814
28.4971
28.5128
28.5285
28.5443
28.56
28.5757
28.5914
28.6071
28.6229
28.6386
28.6543
28.67
28.6857
28.7014
28.7172
28.7329
28.7486
28.7643
28.78
28.7958
28.8115
28.8272
28.8429
28.8586
28.8743
28.8901
28.9058
28.9215
28.9372
28.9529
28.9687
28.9844
29.0001
29.0158
29.0315
29.0473
29.063
29.0787
29.0944
29.1101
29.1258
29.1416
29.1573
29.173
29.1887
29.2044
29.2201
29.2359
29.2516
29.2673
29.283
29.2987
29.3144
29.3301
29.3459
29.3616
29.3773
29.393
29.4087
29.4244
29.4401
29.4558
29.4716
29.4873
29.503
29.5187
29.5344
29.5501
29.5658
29.5815
29.5972
29.6129
29.6286
29.6443
29.66
29.6757
29.6915
29.7072
29.7229
29.7386
29.7543
29.77
29.7857
29.8014
29.8171
29.8328
29.8485
29.8642
29.8799
29.8955
29.9112
29.9269
29.9426
29.9583
29.974
29.9897
30.0054
30.0211
30.0368
30.0525
30.0682
30.0838
30.0995
30.1152
30.1309
30.1466
30.1623
30.1779
30.1936
30.2093
30.225
30.2407
30.2563
30.272
30.2877
30.3034
30.319
30.3347
30.3504
30.3661
30.3817
30.3974
30.4131
30.4287
30.4444
30.4601
30.4757
30.4914
30.5071
30.5227
30.5384
30.554
30.5697
30.5854
30.601
30.6167
30.6323
30.648
30.6636
30.6793
30.6949
30.7106
30.7262
30.7419
30.7575
30.7732
30.7888
30.8044
30.8201
30.8357
30.8514
30.867
30.8826
30.8983
30.9139
30.9295
30.9452
30.9608
30.9764
30.9921
31.0077
31.0233
31.0389
31.0546
31.0702
31.0858
31.1014
31.117
31.1326
31.1483
31.1639
31.1795
31.1951
31.2107
31.2263
31.2419
31.2575
31.2731
31.2887
31.3043
31.3199
31.3355
31.3511
31.3667
31.3823
31.3979
31.4135
31.4291
31.4447
31.4603
31.4758
31.4914
31.507
31.5226
31.5382
31.5537
31.5693
31.5849
31.6005
31.616
31.6316
31.6472
31.6627
31.6783
31.6939
31.7094
31.725
31.7405
31.7561
31.7717
31.7872
31.8028
31.8183
31.8339
31.8494
31.865
31.8805
31.896
31.9116
31.9271
31.9427
31.9582
31.9737
31.9893
32.0048
32.0203
32.0359
32.0514
32.0669
32.0824
32.098
32.1135
32.129
32.1445
32.16
32.1755
32.191
32.2065
32.2221
32.2376
32.2531
32.2686
32.2841
32.2996
32.3151
32.3306
32.346
32.3615
32.377
32.3925
32.408
32.4235
32.439
32.4544
32.4699
32.4854
32.5009
32.5164
32.5318
32.5473
32.5628
32.5782
32.5937
32.6091
32.6246
32.6401
32.6555
32.671
32.6864
32.7019
32.7173
32.7328
32.7482
32.7637
32.7791
32.7945
32.81
32.8254
32.8408
32.8563
32.8717
32.8871
32.9026
32.918
32.9334
32.9488
32.9642
32.9797
32.9951
33.0105
33.0259
33.0413
33.0567
33.0721
33.0875
33.1029
33.1183
33.1337
33.1491
33.1645
33.1799
33.1953
33.2106
33.226
33.2414
33.2568
33.2722
33.2875
33.3029
33.3183
33.3336
33.349
33.3644
33.3797
33.3951
33.4105
33.4258
33.4412
33.4565
33.4719
33.4872
33.5026
33.5179
33.5332
33.5486
33.5639
33.5793
33.5946
33.6099
33.6253
33.6406
33.6559
33.6712
33.6865
33.7019
33.7172
33.7325
33.7478
33.7631
33.7784
33.7937
33.809
33.8243
33.8396
33.8549
33.8702
33.8855
33.9008
33.9161
33.9314
33.9466
33.9619
33.9772
33.9925
34.0078
34.023
34.0383
34.0536
34.0688
34.0841
34.0994
34.1146
34.1299
34.1451
34.1604
34.1756
34.1909
34.2061
34.2214
34.2366
34.2518
34.2671
34.2823
34.2975
34.3128
34.328
34.3432
34.3584
34.3737
34.3889
34.4041
34.4193
34.4345
34.4497
34.4649
34.4801
34.4953
34.5105
34.5257
34.5409
34.5561
34.5713
34.5865
34.6017
34.6169
34.6321
34.6472
34.6624
34.6776
34.6928
34.7079
34.7231
34.7383
34.7534
34.7686
34.7837
34.7989
34.814
34.8292
34.8443
34.8595
34.8746
34.8898
34.9049
34.92
34.9352
34.9503
34.9654
34.9806
34.9957
35.0108
35.0259
35.0411
35.0562
35.0713
35.0864
35.1015
35.1166
35.1317
35.1468
35.1619
35.177
35.1921
35.2072
35.2223
35.2374
35.2525
35.2675
35.2826
35.2977
35.3128
35.3278
35.3429
35.358
35.373
35.3881
35.4032
35.4182
35.4333
35.4483
35.4634
35.4784
35.4935
35.5085
35.5236
35.5386
35.5536
35.5687
35.5837
35.5987
35.6138
35.6288
35.6438
35.6588
35.6738
35.6888
35.7039
35.7189
35.7339
35.7489
35.7639
35.7789
35.7939
35.8089
35.8239
35.8389
35.8538
35.8688
35.8838
35.8988
35.9138
35.9287
35.9437
35.9587
35.9736
35.9886
36.0036
36.0185
36.0335
36.0485
36.0634
36.0784
36.0933
36.1082
36.1232
36.1381
36.1531
36.168
36.1829
36.1979
36.2128
36.2277
36.2426
36.2576
36.2725
36.2874
36.3023
36.3172
36.3321
36.347
36.3619
36.3768
36.3917
36.4066
36.4215
36.4364
36.4513
36.4662
36.4811
36.496
36.5108
36.5257
36.5406
36.5555
36.5703
36.5852
36.6001
36.6149
36.6298
36.6446
36.6595
36.6743
36.6892
36.704
36.7189
36.7337
36.7486
36.7634
36.7782
36.7931
36.8079
36.8227
36.8375
36.8524
36.8672
36.882
36.8968
36.9116
36.9264
36.9412
36.956
36.9708
36.9856
37.0004
37.0152
37.03
37.0448
37.0596
37.0744
37.0892
37.1039
37.1187
37.1335
37.1483
37.163
37.1778
37.1926
37.2073
37.2221
37.2368
37.2516
37.2664
37.2811
37.2958
37.3106
37.3253
37.3401
37.3548
37.3695
37.3843
37.399
37.4137
37.4285
37.4432
37.4579
37.4726
37.4873
37.502
37.5167
37.5315
37.5462
37.5609
37.5756
37.5903
37.6049
37.6196
37.6343
37.649
37.6637
37.6784
37.6931
37.7077
37.7224
37.7371
37.7517
37.7664
37.7811
37.7957
37.8104
37.8251
37.8397
37.8544
37.869
37.8837
37.8983
37.9129
37.9276
37.9422
37.9568
37.9715
37.9861
38.0007
38.0154
38.03
38.0446
38.0592
38.0738
38.0884
38.1031
38.1177
38.1323
38.1469
38.1615
38.1761
38.1907
38.2052
38.2198
38.2344
38.249
38.2636
38.2782
38.2927
38.3073
38.3219
38.3365
38.351
38.3656
38.3801
38.3947
38.4093
38.4238
38.4384
38.4529
38.4675
38.482
38.4965
38.5111
38.5256
38.5402
38.5547
38.5692
38.5837
38.5983
38.6128
38.6273
38.6418
38.6563
38.6709
38.6854
38.6999
38.7144
38.7289
38.7434
38.7579
38.7724
38.7869
38.8014
38.8158
38.8303
38.8448
38.8593
38.8738
38.8882
38.9027
38.9172
38.9316
38.9461
38.9606
38.975
38.9895
39.0039
39.0184
39.0328
39.0473
39.0617
39.0762
39.0906
39.1051
39.1195
39.1339
39.1484
39.1628
39.1772
39.1916
39.2061
39.2205
39.2349
39.2493
39.2637
39.2781
39.2925
39.3069
39.3213
39.3357
39.3501
39.3645
39.3789
39.3933
39.4077
39.4221
39.4365
39.4508
39.4652
39.4796
39.494
39.5083
39.5227
39.5371
39.5514
39.5658
39.5801
39.5945
39.6088
39.6232
39.6375
39.6519
39.6662
39.6806
39.6949
39.7092
39.7236
39.7379
39.7522
39.7666
39.7809
39.7952
39.8095
39.8238
39.8381
39.8525
39.8668
39.8811
39.8954
39.9097
39.924
39.9383
39.9526
39.9669
39.9811
39.9954
40.0097
40.024
40.0383
40.0526
40.0668
40.0811
40.0954
40.1096
40.1239
40.1382
40.1524
40.1667
40.1809
40.1952
40.2094
40.2237
40.2379
40.2522
40.2664
40.2807
40.2949
40.3091
40.3234
40.3376
40.3518
40.366
40.3803
40.3945
40.4087
40.4229
40.4371
40.4513
40.4655
40.4797
40.494
40.5082
40.5223
40.5365
40.5507
40.5649
40.5791
40.5933
40.6075
40.6217
40.6358
40.65
40.6642
40.6784
40.6925
40.7067
40.7209
40.735
40.7492
40.7634
40.7775
40.7917
40.8058
40.82
40.8341
40.8483
40.8624
40.8765
40.8907
40.9048
40.9189
40.9331
40.9472
40.9613
40.9754
40.9896
41.0037
41.0178
41.0319
41.046
41.0601
41.0742
41.0883
41.1024
41.1165
41.1306
41.1447
41.1588
41.1729
41.187
41.2011
41.2152
41.2293
41.2433
41.2574
41.2715
41.2856
41.2996
41.3137
41.3278
41.3418
41.3559
41.3699
41.384
41.398
41.4121
41.4261
41.4402
41.4542
41.4683
41.4823
41.4963
41.5104
41.5244
41.5384
41.5525
41.5665
41.5805
41.5945
41.6086
41.6226
41.6366
41.6506
41.6646
41.6786
41.6926
41.7066
41.7206
41.7346
41.7486
41.7626
41.7766
41.7906
41.8046
41.8186
41.8326
41.8465
41.8605
41.8745
41.8885
41.9024
41.9164
41.9304
41.9443
41.9583
41.9722
41.9862
42.0002
42.0141
42.0281
42.042
42.056
42.0699
42.0838
42.0978
42.1117
42.1257
42.1396
42.1535
42.1674
42.1814
42.1953
42.2092
42.2231
42.2371
42.251
42.2649
42.2788
42.2927
42.3066
42.3205
42.3344
42.3483
42.3622
42.3761
42.39
42.4039
42.4178
42.4317
42.4455
42.4594
42.4733
42.4872
42.5011
42.5149
42.5288
42.5427
42.5565
42.5704
42.5843
42.5981
42.612
42.6258
42.6397
42.6535
42.6674
42.6812
42.6951
42.7089
42.7228
42.7366
42.7504
42.7643
42.7781
42.7919
42.8057
42.8196
42.8334
42.8472
42.861
42.8748
42.8887
42.9025
42.9163
42.9301
42.9439
42.9577
42.9715
42.9853
42.9991
43.0129
43.0267
43.0405
43.0543
43.068
43.0818
43.0956
43.1094
43.1232
43.1369
43.1507
43.1645
43.1783
43.192
43.2058
43.2195
43.2333
43.2471
43.2608
43.2746
43.2883
43.3021
43.3158
43.3296
43.3433
43.357
43.3708
43.3845
43.3983
43.412
43.4257
43.4394
43.4532
43.4669
43.4806
43.4943
43.5081
43.5218
43.5355
43.5492
43.5629
43.5766
43.5903
43.604
43.6177
43.6314
43.6451
43.6588
43.6725
43.6862
43.6999
43.7136
43.7272
43.7409
43.7546
43.7683
43.782
43.7956
43.8093
43.823
43.8366
43.8503
43.864
43.8776
43.8913
43.905
43.9186
43.9323
43.9459
43.9596
43.9732
43.9868
44.0005
44.0141
44.0278
44.0414
44.055
44.0687
44.0823
44.0959
44.1096
44.1232
44.1368
44.1504
44.164
44.1777
44.1913
44.2049
44.2185
44.2321
44.2457
44.2593
44.2729
44.2865
44.3001
44.3137
44.3273
44.3409
44.3545
44.3681
44.3817
44.3952
44.4088
44.4224
44.436
44.4495
44.4631
44.4767
44.4903
44.5038
44.5174
44.531
44.5445
44.5581
44.5716
44.5852
44.5987
44.6123
44.6258
44.6394
44.6529
44.6665
44.68
44.6936
44.7071
44.7206
44.7342
44.7477
44.7612
44.7748
44.7883
44.8018
44.8153
44.8288
44.8424
44.8559
44.8694
44.8829
44.8964
44.9099
44.9234
44.9369
44.9504
44.9639
44.9774
44.9909
45.0044
45.0179
45.0314
45.0449
45.0584
45.0719
45.0853
45.0988
45.1123
45.1258
45.1393
45.1527
45.1662
45.1797
45.1931
45.2066
45.2201
45.2335
45.247
45.2604
45.2739
45.2873
45.3008
45.3142
45.3277
45.3411
45.3546
45.368
45.3815
45.3949
45.4083
45.4218
45.4352
45.4486
45.4621
45.4755
45.4889
45.5023
45.5158
45.5292
45.5426
45.556
45.5694
45.5828
45.5962
45.6096
45.623
45.6365
45.6499
45.6633
45.6767
45.69
45.7034
45.7168
45.7302
45.7436
45.757
45.7704
45.7838
45.7971
45.8105
45.8239
45.8373
45.8507
45.864
45.8774
45.8908
45.9041
45.9175
45.9309
45.9442
45.9576
45.9709
45.9843
45.9976
46.011
46.0243
46.0377
46.051
46.0644
46.0777
46.0911
46.1044
46.1177
46.1311
46.1444
46.1577
46.1711
46.1844
46.1977
46.211
46.2244
46.2377
46.251
46.2643
46.2776
46.2909
46.3042
46.3176
46.3309
46.3442
46.3575
46.3708
46.3841
46.3974
46.4107
46.424
46.4372
46.4505
46.4638
46.4771
46.4904
46.5037
46.517
46.5302
46.5435
46.5568
46.5701
46.5833
46.5966
46.6099
46.6232
46.6364
46.6497
46.6629
46.6762
46.6895
46.7027
46.716
46.7292
46.7425
46.7557
46.769
46.7822
46.7955
46.8087
46.8219
46.8352
46.8484
46.8617
46.8749
46.8881
46.9013
46.9146
46.9278
46.941
46.9543
46.9675
46.9807
46.9939
47.0071
47.0203
47.0336
47.0468
47.06
47.0732
47.0864
47.0996
47.1128
47.126
47.1392
47.1524
47.1656
47.1788
47.192
47.2052
47.2183
47.2315
47.2447
47.2579
47.2711
47.2843
47.2974
47.3106
47.3238
47.337
47.3501
47.3633
47.3765
47.3896
47.4028
47.4159
47.4291
47.4423
47.4554
47.4686
47.4817
47.4949
47.508
47.5212
47.5343
47.5475
47.5606
47.5738
47.5869
47.6
47.6132
47.6263
47.6394
47.6526
47.6657
47.6788
47.692
47.7051
47.7182
47.7313
47.7444
47.7576
47.7707
47.7838
47.7969
47.81
47.8231
47.8362
47.8493
47.8624
47.8755
47.8886
47.9017
47.9148
47.9279
47.941
47.9541
47.9672
47.9803
47.9934
48.0065
48.0196
48.0326
48.0457
48.0588
48.0719
48.085
48.098
48.1111
48.1242
48.1372
48.1503
48.1634
48.1764
48.1895
48.2026
48.2156
48.2287
48.2417
48.2548
48.2679
48.2809
48.294
48.307
48.3201
48.3331
48.3461
48.3592
48.3722
48.3853
48.3983
48.4113
48.4244
48.4374
48.4504
48.4635
48.4765
48.4895
48.5025
48.5156
48.5286
48.5416
48.5546
48.5676
48.5806
48.5937
48.6067
48.6197
48.6327
48.6457
48.6587
48.6717
48.6847
48.6977
48.7107
48.7237
48.7367
48.7497
48.7627
48.7757
48.7887
48.8016
48.8146
48.8276
48.8406
48.8536
48.8666
48.8795
48.8925
48.9055
48.9185
48.9314
48.9444
48.9574
48.9703
48.9833
48.9963
49.0092
49.0222
49.0351
49.0481
49.0611
49.074
49.087
49.0999
49.1129
49.1258
49.1388
49.1517
49.1646
49.1776
49.1905
49.2035
49.2164
49.2293
49.2423
49.2552
49.2681
49.2811
49.294
49.3069
49.3198
49.3328
49.3457
49.3586
49.3715
49.3845
49.3974
49.4103
49.4232
49.4361
49.449
49.4619
49.4748
49.4877
49.5006
49.5135
49.5264
49.5393
49.5522
49.5651
49.578
49.5909
49.6038
49.6167
49.6296
49.6425
49.6554
49.6682
49.6811
49.694
49.7069
49.7198
49.7326
49.7455
49.7584
49.7713
49.7841
49.797
49.8099
49.8227
49.8356
49.8485
49.8613
49.8742
49.887
49.8999
49.9128
49.9256
49.9385
49.9513
49.9642
49.977
49.9899
50.0027
50.0155
50.0284
50.0412
50.0541
50.0669
50.0797
50.0926
50.1054
50.1182
50.1311
50.1439
50.1567
50.1696
50.1824
50.1952
50.208
50.2208
50.2337
50.2465
50.2593
50.2721
50.2849
50.2977
50.3105
50.3234
50.3362
50.349
50.3618
50.3746
50.3874
50.4002
50.413
50.4258
50.4386
50.4514
50.4642
50.4769
50.4897
50.5025
50.5153
50.5281
50.5409
50.5537
50.5664
50.5792
50.592
50.6048
50.6176
50.6303
50.6431
50.6559
50.6687
50.6814
50.6942
50.707
50.7197
50.7325
50.7452
50.758
50.7708
50.7835
50.7963
50.809
50.8218
50.8345
50.8473
50.86
50.8728
50.8855
50.8983
50.911
50.9238
50.9365
50.9492
50.962
50.9747
50.9874
51.0002
51.0129
51.0256
51.0384
51.0511
51.0638
51.0766
51.0893
51.102
51.1147
51.1274
51.1402
51.1529
51.1656
51.1783
51.191
51.2037
51.2164
51.2291
51.2419
51.2546
51.2673
51.28
51.2927
51.3054
51.3181
51.3308
51.3435
51.3562
51.3689
51.3815
51.3942
51.4069
51.4196
51.4323
51.445
51.4577
51.4704
51.483
51.4957
51.5084
51.5211
51.5338
51.5464
51.5591
51.5718
51.5844
51.5971
51.6098
51.6224
51.6351
51.6478
51.6604
51.6731
51.6858
51.6984
51.7111
51.7237
51.7364
51.749
51.7617
51.7743
51.787
51.7996
51.8123
51.8249
51.8376
51.8502
51.8629
51.8755
51.8881
51.9008
51.9134
51.9261
51.9387
51.9513
51.964
51.9766
51.9892
52.0018
52.0145
52.0271
52.0397
52.0523
52.065
52.0776
52.0902
52.1028
52.1154
52.128
52.1406
52.1533
52.1659
52.1785
52.1911
52.2037
52.2163
52.2289
52.2415
52.2541
52.2667
52.2793
52.2919
52.3045
52.3171
52.3297
52.3423
52.3549
52.3675
52.38
52.3926
52.4052
52.4178
52.4304
52.443
52.4556
52.4681
52.4807
52.4933
52.5059
52.5184
52.531
52.5436
52.5562
52.5687
52.5813
52.5939
52.6064
52.619
52.6316
52.6441
52.6567
52.6692
52.6818
52.6943
52.7069
52.7195
52.732
52.7446
52.7571
52.7697
52.7822
52.7948
52.8073
52.8198
52.8324
52.8449
52.8575
52.87
52.8826
52.8951
52.9076
52.9202
52.9327
52.9452
52.9578
52.9703
52.9828
52.9953
53.0079
53.0204
53.0329
53.0454
53.058
53.0705
53.083
53.0955
53.108
53.1205
53.1331
53.1456
53.1581
53.1706
53.1831
53.1956
53.2081
53.2206
53.2331
53.2456
53.2581
53.2706
53.2831
53.2956
53.3081
53.3206
53.3331
53.3456
53.3581
53.3706
53.3831
53.3956
53.408
53.4205
53.433
53.4455
53.458
53.4705
53.4829
53.4954
53.5079
53.5204
53.5329
53.5453
53.5578
53.5703
53.5827
53.5952
53.6077
53.6201
53.6326
53.6451
53.6575
53.67
53.6825
53.6949
53.7074
53.7198
53.7323
53.7447
53.7572
53.7697
53.7821
53.7946
53.807
53.8194
53.8319
53.8443
53.8568
53.8692
53.8817
53.8941
53.9066
53.919
53.9314
53.9439
53.9563
53.9687
53.9812
53.9936
54.006
54.0185
54.0309
54.0433
54.0557
54.0682
54.0806
54.093
54.1054
54.1178
54.1303
54.1427
54.1551
54.1675
54.1799
54.1923
54.2048
54.2172
54.2296
54.242
54.2544
54.2668
54.2792
54.2916
54.304
54.3164
54.3288
54.3412
54.3536
54.366
54.3784
54.3908
54.4032
54.4156
54.428
54.4404
54.4528
54.4651
54.4775
54.4899
54.5023
54.5147
54.5271
54.5395
54.5518
54.5642
54.5766
54.589
54.6013
54.6137
54.6261
54.6385
54.6508
54.6632
54.6756
54.6879
54.7003
54.7127
54.725
54.7374
54.7498
54.7621
54.7745
54.7868
54.7992
54.8116
54.8239
54.8363
54.8486
54.861
54.8733
54.8857
54.898
54.9104
54.9227
54.9351
54.9474
54.9598
54.9721
54.9844
54.9968
55.0091
55.0215
55.0338
55.0461
55.0585
55.0708
55.0831
55.0955
55.1078
55.1201
55.1325
55.1448
55.1571
55.1694
55.1818
55.1941
55.2064
55.2187
55.231
55.2434
55.2557
55.268
55.2803
55.2926
55.3049
55.3173
55.3296
55.3419
55.3542
55.3665
55.3788
55.3911
55.4034
55.4157
55.428
55.4403
55.4526
55.4649
55.4772
55.4895
55.5018
55.5141
55.5264
55.5387
55.551
55.5633
55.5756
55.5879
55.6001
55.6124
55.6247
55.637
55.6493
55.6616
55.6739
55.6861
55.6984
55.7107
55.723
55.7352
55.7475
55.7598
55.7721
55.7843
55.7966
55.8089
55.8212
55.8334
55.8457
55.858
55.8702
55.8825
55.8947
55.907
55.9193
55.9315
55.9438
55.956
55.9683
55.9806
55.9928
56.0051
56.0173
56.0296
56.0418
56.0541
56.0663
56.0786
56.0908
56.1031
56.1153
56.1276
56.1398
56.152
56.1643
56.1765
56.1888
56.201
56.2132
56.2255
56.2377
56.2499
56.2622
56.2744
56.2866
56.2989
56.3111
56.3233
56.3355
56.3478
56.36
56.3722
56.3844
56.3967
56.4089
56.4211
56.4333
56.4455
56.4577
56.47
56.4822
56.4944
56.5066
56.5188
56.531
56.5432
56.5554
56.5677
56.5799
56.5921
56.6043
56.6165
56.6287
56.6409
56.6531
56.6653
56.6775
56.6897
56.7019
56.7141
56.7263
56.7385
56.7506
56.7628
56.775
56.7872
56.7994
56.8116
56.8238
56.836
56.8481
56.8603
56.8725
56.8847
56.8969
56.9091
56.9212
56.9334
56.9456
56.9578
56.9699
56.9821
56.9943
57.0065
57.0186
57.0308
57.043
57.0551
57.0673
57.0795
57.0916
57.1038
57.116
57.1281
57.1403
57.1525
57.1646
57.1768
57.1889
57.2011
57.2132
57.2254
57.2376
57.2497
57.2619
57.274
57.2862
57.2983
57.3105
57.3226
57.3347
57.3469
57.359
57.3712
57.3833
57.3955
57.4076
57.4197
57.4319
57.444
57.4562
57.4683
57.4804
57.4926
57.5047
57.5168
57.529
57.5411
57.5532
57.5653
57.5775
57.5896
57.6017
57.6139
57.626
57.6381
57.6502
57.6623
57.6745
57.6866
57.6987
57.7108
57.7229
57.735
57.7472
57.7593
57.7714
57.7835
57.7956
57.8077
57.8198
57.8319
57.844
57.8562
57.8683
57.8804
57.8925
57.9046
57.9167
57.9288
57.9409
57.953
57.9651
57.9772
57.9893
58.0014
58.0135
58.0255
58.0376
58.0497
58.0618
58.0739
58.086
58.0981
58.1102
58.1223
58.1343
58.1464
58.1585
58.1706
58.1827
58.1948
58.2068
58.2189
58.231
58.2431
58.2551
58.2672
58.2793
58.2914
58.3034
58.3155
58.3276
58.3397
58.3517
58.3638
58.3759
58.3879
58.4
58.4121
58.4241
58.4362
58.4482
58.4603
58.4724
58.4844
58.4965
58.5085
58.5206
58.5327
58.5447
58.5568
58.5688
58.5809
58.5929
58.605
58.617
58.6291
58.6411
58.6532
58.6652
58.6773
58.6893
58.7013
58.7134
58.7254
58.7375
58.7495
58.7615
58.7736
58.7856
58.7977
58.8097
58.8217
58.8338
58.8458
58.8578
58.8699
58.8819
58.8939
58.9059
58.918
58.93
58.942
58.9541
58.9661
58.9781
58.9901
59.0021
59.0142
59.0262
59.0382
59.0502
59.0622
59.0743
59.0863
59.0983
59.1103
59.1223
59.1343
59.1463
59.1584
59.1704
59.1824
59.1944
59.2064
59.2184
59.2304
59.2424
59.2544
59.2664
59.2784
59.2904
59.3024
59.3144
59.3264
59.3384
59.3504
59.3624
59.3744
59.3864
59.3984
59.4104
59.4224
59.4344
59.4464
59.4583
59.4703
59.4823
59.4943
59.5063
59.5183
59.5303
59.5423
59.5542
59.5662
59.5782
59.5902
59.6022
59.6141
59.6261
59.6381
59.6501
59.662
59.674
59.686
59.698
59.7099
59.7219
59.7339
59.7458
59.7578
59.7698
59.7818
59.7937
59.8057
59.8176
59.8296
59.8416
59.8535
59.8655
59.8775
59.8894
59.9014
59.9133
59.9253
59.9373
59.9492
59.9612
59.9731
59.9851
59.997
60.009
60.0209
60.0329
60.0448
60.0568
60.0687
60.0807
60.0926
60.1046
60.1165
60.1284
60.1404
60.1523
60.1643
60.1762
60.1882
60.2001
60.212
60.224
60.2359
60.2478
60.2598
60.2717
60.2836
60.2956
60.3075
60.3194
60.3314
60.3433
60.3552
60.3672
60.3791
60.391
60.4029
60.4149
60.4268
60.4387
60.4506
60.4625
60.4745
60.4864
60.4983
60.5102
60.5221
60.5341
60.546
60.5579
60.5698
60.5817
60.5936
60.6055
60.6175
60.6294
60.6413
60.6532
60.6651
60.677
60.6889
60.7008
60.7127
60.7246
60.7365
60.7484
60.7603
60.7722
60.7841
60.796
60.8079
60.8198
60.8317
60.8436
60.8555
60.8674
60.8793
60.8912
60.9031
60.915
60.9269
60.9388
60.9507
60.9625
60.9744
60.9863
60.9982
61.0101
61.022
61.0339
61.0457
61.0576
61.0695
61.0814
61.0933
61.1051
61.117
61.1289
61.1408
61.1527
61.1645
61.1764
61.1883
61.2002
61.212
61.2239
61.2358
61.2476
61.2595
61.2714
61.2832
61.2951
61.307
61.3188
61.3307
61.3426
61.3544
61.3663
61.3782
61.39
61.4019
61.4137
61.4256
61.4375
61.4493
61.4612
61.473
61.4849
61.4967
61.5086
61.5205
61.5323
61.5442
61.556
61.5679
61.5797
61.5916
61.6034
61.6153
61.6271
61.6389
61.6508
61.6626
61.6745
61.6863
61.6982
61.71
61.7218
61.7337
61.7455
61.7574
61.7692
61.781
61.7929
61.8047
61.8165
61.8284
61.8402
61.852
61.8639
61.8757
61.8875
61.8994
61.9112
61.923
61.9349
61.9467
61.9585
61.9703
61.9822
61.994
62.0058
62.0176
62.0294
62.0413
62.0531
62.0649
62.0767
62.0885
62.1004
62.1122
62.124
62.1358
62.1476
62.1594
62.1713
62.1831
62.1949
62.2067
62.2185
62.2303
62.2421
62.2539
62.2657
62.2775
62.2893
62.3012
62.313
62.3248
62.3366
62.3484
62.3602
62.372
62.3838
62.3956
62.4074
62.4192
62.431
62.4428
62.4546
62.4664
62.4781
62.4899
62.5017
62.5135
62.5253
62.5371
62.5489
62.5607
62.5725
62.5843
62.5961
62.6078
62.6196
62.6314
62.6432
62.655
62.6668
62.6785
62.6903
62.7021
62.7139
62.7257
62.7375
62.7492
62.761
62.7728
62.7846
62.7963
62.8081
62.8199
62.8317
62.8434
62.8552
62.867
62.8787
62.8905
62.9023
62.9141
62.9258
62.9376
62.9494
62.9611
62.9729
62.9847
62.9964
63.0082
63.0199
63.0317
63.0435
63.0552
63.067
63.0788
63.0905
63.1023
63.114
63.1258
63.1375
63.1493
63.161
63.1728
63.1846
63.1963
63.2081
63.2198
63.2316
63.2433
63.2551
63.2668
63.2786
63.2903
63.3021
63.3138
63.3255
63.3373
63.349
63.3608
63.3725
63.3843
63.396
63.4077
63.4195
63.4312
63.443
63.4547
63.4664
63.4782
63.4899
63.5016
63.5134
63.5251
63.5368
63.5486
63.5603
63.572
63.5838
63.5955
63.6072
63.619
63.6307
63.6424
63.6541
63.6659
63.6776
63.6893
63.701
63.7128
63.7245
63.7362
63.7479
63.7596
63.7714
63.7831
63.7948
63.8065
63.8182
63.83
63.8417
63.8534
63.8651
63.8768
63.8885
63.9002
63.912
63.9237
63.9354
63.9471
63.9588
63.9705
63.9822
63.9939
64.0056
64.0173
64.029
64.0407
64.0525
64.0642
64.0759
64.0876
64.0993
64.111
64.1227
64.1344
64.1461
64.1578
64.1695
64.1812
64.1929
64.2046
64.2162
64.2279
64.2396
64.2513
64.263
64.2747
64.2864
64.2981
64.3098
64.3215
64.3332
64.3449
64.3565
64.3682
64.3799
64.3916
64.4033
64.415
64.4267
64.4383
64.45
64.4617
64.4734
64.4851
64.4967
64.5084
64.5201
64.5318
64.5435
64.5551
64.5668
64.5785
64.5902
64.6018
64.6135
64.6252
64.6369
64.6485
64.6602
64.6719
64.6835
64.6952
64.7069
64.7186
64.7302
64.7419
64.7536
64.7652
64.7769
64.7885
64.8002
64.8119
64.8235
64.8352
64.8469
64.8585
64.8702
64.8818
64.8935
64.9052
64.9168
64.9285
64.9401
64.9518
64.9634
64.9751
64.9868
64.9984
65.0101
65.0217
65.0334
65.045
65.0567
65.0683
65.08
65.0916
65.1033
65.1149
65.1266
65.1382
65.1498
65.1615
65.1731
65.1848
65.1964
65.2081
65.2197
65.2313
65.243
65.2546
65.2663
65.2779
65.2895
65.3012
65.3128
65.3245
65.3361
65.3477
65.3594
65.371
65.3826
65.3943
65.4059
65.4175
65.4292
65.4408
65.4524
65.464
65.4757
65.4873
65.4989
65.5106
65.5222
65.5338
65.5454
65.5571
65.5687
65.5803
65.5919
65.6036
65.6152
65.6268
65.6384
65.65
65.6617
65.6733
65.6849
65.6965
65.7081
65.7197
65.7314
65.743
65.7546
65.7662
65.7778
65.7894
65.801
65.8127
65.8243
65.8359
65.8475
65.8591
65.8707
65.8823
65.8939
65.9055
65.9171
65.9287
65.9403
65.9519
65.9636
65.9752
65.9868
65.9984
66.01
66.0216
66.0332
66.0448
66.0564
66.068
66.0796
66.0912
66.1028
66.1144
66.1259
66.1375
66.1491
66.1607
66.1723
66.1839
66.1955
66.2071
66.2187
66.2303
66.2419
66.2535
66.2651
66.2766
66.2882
66.2998
66.3114
66.323
66.3346
66.3462
66.3577
66.3693
66.3809
66.3925
66.4041
66.4157
66.4272
66.4388
66.4504
66.462
66.4736
66.4851
66.4967
66.5083
66.5199
66.5314
66.543
66.5546
66.5662
66.5777
66.5893
66.6009
66.6125
66.624
66.6356
66.6472
66.6587
66.6703
66.6819
66.6934
66.705
66.7166
66.7281
66.7397
66.7513
66.7628
66.7744
66.786
66.7975
66.8091
66.8207
66.8322
66.8438
66.8553
66.8669
66.8785
66.89
66.9016
66.9131
66.9247
66.9362
66.9478
66.9594
66.9709
66.9825
66.994
67.0056
67.0171
67.0287
67.0402
67.0518
67.0633
67.0749
67.0864
67.098
67.1095
67.1211
67.1326
67.1442
67.1557
67.1673
67.1788
67.1903
67.2019
67.2134
67.225
67.2365
67.2481
67.2596
67.2711
67.2827
67.2942
67.3058
67.3173
67.3288
67.3404
67.3519
67.3634
67.375
67.3865
67.3981
67.4096
67.4211
67.4327
67.4442
67.4557
67.4673
67.4788
67.4903
67.5018
67.5134
67.5249
67.5364
67.548
67.5595
67.571
67.5825
67.5941
67.6056
67.6171
67.6286
67.6402
67.6517
67.6632
67.6747
67.6862
67.6978
67.7093
67.7208
67.7323
67.7438
67.7554
67.7669
67.7784
67.7899
67.8014
67.8129
67.8245
67.836
67.8475
67.859
67.8705
67.882
67.8935
67.905
67.9166
67.9281
67.9396
67.9511
67.9626
67.9741
67.9856
67.9971
68.0086
68.0201
68.0316
68.0431
68.0546
68.0662
68.0777
68.0892
68.1007
68.1122
68.1237
68.1352
68.1467
68.1582
68.1697
68.1812
68.1927
68.2042
68.2157
68.2272
68.2386
68.2501
68.2616
68.2731
68.2846
68.2961
68.3076
68.3191
68.3306
68.3421
68.3536
68.3651
68.3766
68.388
68.3995
68.411
68.4225
68.434
68.4455
68.457
68.4685
68.4799
68.4914
68.5029
68.5144
68.5259
68.5374
68.5488
68.5603
68.5718
68.5833
68.5948
68.6063
68.6177
68.6292
68.6407
68.6522
68.6636
68.6751
68.6866
68.6981
68.7095
68.721
68.7325
68.744
68.7554
68.7669
68.7784
68.7899
68.8013
68.8128
68.8243
68.8357
68.8472
68.8587
68.8701
68.8816
68.8931
68.9045
68.916
68.9275
68.9389
68.9504
68.9619
68.9733
68.9848
68.9963
69.0077
69.0192
69.0306
69.0421
69.0536
69.065
69.0765
69.0879
69.0994
69.1109
69.1223
69.1338
69.1452
69.1567
69.1681
69.1796
69.1911
69.2025
69.214
69.2254
69.2369
69.2483
69.2598
69.2712
69.2827
69.2941
69.3056
69.317
69.3285
69.3399
69.3514
69.3628
69.3743
69.3857
69.3971
69.4086
69.42
69.4315
69.4429
69.4544
69.4658
69.4773
69.4887
69.5001
69.5116
69.523
69.5345
69.5459
69.5573
69.5688
69.5802
69.5916
69.6031
69.6145
69.626
69.6374
69.6488
69.6603
69.6717
69.6831
69.6946
69.706
69.7174
69.7289
69.7403
69.7517
69.7632
69.7746
69.786
69.7974
69.8089
69.8203
69.8317
69.8431
69.8546
69.866
69.8774
69.8889
69.9003
69.9117
69.9231
69.9345
69.946
69.9574
69.9688
69.9802
69.9917
70.0031
70.0145
70.0259
70.0373
70.0487
70.0602
70.0716
70.083
70.0944
70.1058
70.1172
70.1287
70.1401
70.1515
70.1629
70.1743
70.1857
70.1971
70.2086
70.22
70.2314
70.2428
70.2542
70.2656
70.277
70.2884
70.2998
70.3112
70.3226
70.3341
70.3455
70.3569
70.3683
70.3797
70.3911
70.4025
70.4139
70.4253
70.4367
70.4481
70.4595
70.4709
70.4823
70.4937
70.5051
70.5165
70.5279
70.5393
70.5507
70.5621
70.5735
70.5849
70.5963
70.6077
70.6191
70.6305
70.6419
70.6533
70.6646
70.676
70.6874
70.6988
70.7102
70.7216
70.733
70.7444
70.7558
70.7672
70.7786
70.7899
70.8013
70.8127
70.8241
70.8355
70.8469
70.8583
70.8696
70.881
70.8924
70.9038
70.9152
70.9266
70.9379
70.9493
70.9607
70.9721
70.9835
70.9949
71.0062
71.0176
71.029
71.0404
71.0517
71.0631
71.0745
71.0859
71.0973
71.1086
71.12
71.1314
71.1428
71.1541
71.1655
71.1769
71.1882
71.1996
71.211
71.2224
71.2337
71.2451
71.2565
71.2678
71.2792
71.2906
71.3019
71.3133
71.3247
71.336
71.3474
71.3588
71.3701
71.3815
71.3929
71.4042
71.4156
71.427
71.4383
71.4497
71.4611
71.4724
71.4838
71.4951
71.5065
71.5179
71.5292
71.5406
71.5519
71.5633
71.5746
71.586
71.5974
71.6087
71.6201
71.6314
71.6428
71.6541
71.6655
71.6768
71.6882
71.6996
71.7109
71.7223
71.7336
71.745
71.7563
71.7677
71.779
71.7904
71.8017
71.8131
71.8244
71.8358
71.8471
71.8584
71.8698
71.8811
71.8925
71.9038
71.9152
71.9265
71.9379
71.9492
71.9605
71.9719
71.9832
71.9946
72.0059
72.0173
72.0286
72.0399
72.0513
72.0626
72.074
72.0853
72.0966
72.108
72.1193
72.1306
72.142
72.1533
72.1646
72.176
72.1873
72.1987
72.21
72.2213
72.2327
72.244
72.2553
72.2666
72.278
72.2893
72.3006
72.312
72.3233
72.3346
72.346
72.3573
72.3686
72.3799
72.3913
72.4026
72.4139
72.4252
72.4366
72.4479
72.4592
72.4705
72.4819
72.4932
72.5045
72.5158
72.5272
72.5385
72.5498
72.5611
72.5724
72.5838
72.5951
72.6064
72.6177
72.629
72.6403
72.6517
72.663
72.6743
72.6856
72.6969
72.7082
72.7196
72.7309
72.7422
72.7535
72.7648
72.7761
72.7874
72.7988
72.8101
72.8214
72.8327
72.844
72.8553
72.8666
72.8779
72.8892
72.9005
72.9118
72.9232
72.9345
72.9458
72.9571
72.9684
72.9797
72.991
73.0023
73.0136
73.0249
73.0362
73.0475
73.0588
73.0701
73.0814
73.0927
73.104
73.1153
73.1266
73.1379
73.1492
73.1605
73.1718
73.1831
73.1944
73.2057
73.217
73.2283
73.2396
73.2509
73.2622
73.2735
73.2848
73.2961
73.3074
73.3187
73.33
73.3412
73.3525
73.3638
73.3751
73.3864
73.3977
73.409
73.4203
73.4316
73.4429
73.4541
73.4654
73.4767
73.488
73.4993
73.5106
73.5219
73.5332
73.5444
73.5557
73.567
73.5783
73.5896
73.6009
73.6121
73.6234
73.6347
73.646
73.6573
73.6685
73.6798
73.6911
73.7024
73.7137
73.7249
73.7362
73.7475
73.7588
73.7701
73.7813
73.7926
73.8039
73.8152
73.8264
73.8377
73.849
73.8603
73.8715
73.8828
73.8941
73.9054
73.9166
73.9279
73.9392
73.9504
73.9617
73.973
73.9843
73.9955
74.0068
74.0181
74.0293
74.0406
74.0519
74.0631
74.0744
74.0857
74.0969
74.1082
74.1195
74.1307
74.142
74.1533
74.1645
74.1758
74.187
74.1983
74.2096
74.2208
74.2321
74.2434
74.2546
74.2659
74.2771
74.2884
74.2997
74.3109
74.3222
74.3334
74.3447
74.3559
74.3672
74.3785
74.3897
74.401
74.4122
74.4235
74.4347
74.446
74.4572
74.4685
74.4797
74.491
74.5023
74.5135
74.5248
74.536
74.5473
74.5585
74.5698
74.581
74.5923
74.6035
74.6148
74.626
74.6373
74.6485
74.6597
74.671
74.6822
74.6935
74.7047
74.716
74.7272
74.7385
74.7497
74.761
74.7722
74.7834
74.7947
74.8059
74.8172
74.8284
74.8396
74.8509
74.8621
74.8734
74.8846
74.8958
74.9071
74.9183
74.9296
74.9408
74.952
74.9633
74.9745
74.9857
74.997
75.0082
75.0195
75.0307
75.0419
75.0532
75.0644
75.0756
75.0869
75.0981
75.1093
75.1206
75.1318
75.143
75.1542
75.1655
75.1767
75.1879
75.1992
75.2104
75.2216
75.2328
75.2441
75.2553
75.2665
75.2778
75.289
75.3002
75.3114
75.3227
75.3339
75.3451
75.3563
75.3676
75.3788
75.39
75.4012
75.4124
75.4237
75.4349
75.4461
75.4573
75.4686
75.4798
75.491
75.5022
75.5134
75.5246
75.5359
75.5471
75.5583
75.5695
75.5807
75.592
75.6032
75.6144
75.6256
75.6368
75.648
75.6592
75.6705
75.6817
75.6929
75.7041
75.7153
75.7265
75.7377
75.7489
75.7602
75.7714
75.7826
75.7938
75.805
75.8162
75.8274
75.8386
75.8498
75.861
75.8722
75.8835
75.8947
75.9059
75.9171
75.9283
75.9395
75.9507
75.9619
75.9731
75.9843
75.9955
76.0067
76.0179
76.0291
76.0403
76.0515
76.0627
76.0739
76.0851
76.0963
76.1075
76.1187
76.1299
76.1411
76.1523
76.1635
76.1747
76.1859
76.1971
76.2083
76.2195
76.2307
76.2419
76.2531
76.2643
76.2755
76.2867
76.2979
76.3091
76.3203
76.3315
76.3426
76.3538
76.365
76.3762
76.3874
76.3986
76.4098
76.421
76.4322
76.4434
76.4546
76.4657
76.4769
76.4881
76.4993
76.5105
76.5217
76.5329
76.5441
76.5552
76.5664
76.5776
76.5888
76.6
76.6112
76.6223
76.6335
76.6447
76.6559
76.6671
76.6783
76.6894
76.7006
76.7118
76.723
76.7342
76.7454
76.7565
76.7677
76.7789
76.7901
76.8012
76.8124
76.8236
76.8348
76.846
76.8571
76.8683
76.8795
76.8907
76.9018
76.913
76.9242
76.9354
76.9465
76.9577
76.9689
76.9801
76.9912
77.0024
77.0136
77.0247
77.0359
77.0471
77.0583
77.0694
77.0806
77.0918
77.1029
77.1141
77.1253
77.1364
77.1476
77.1588
77.17
77.1811
77.1923
77.2035
77.2146
77.2258
77.2369
77.2481
77.2593
77.2704
77.2816
77.2928
77.3039
77.3151
77.3263
77.3374
77.3486
77.3597
77.3709
77.3821
77.3932
77.4044
77.4155
77.4267
77.4379
77.449
77.4602
77.4713
77.4825
77.4937
77.5048
77.516
77.5271
77.5383
77.5494
77.5606
77.5718
77.5829
77.5941
77.6052
77.6164
77.6275
77.6387
77.6498
77.661
77.6721
77.6833
77.6944
77.7056
77.7167
77.7279
77.739
77.7502
77.7613
77.7725
77.7836
77.7948
77.8059
77.8171
77.8282
77.8394
77.8505
77.8617
77.8728
77.884
77.8951
77.9063
77.9174
77.9286
77.9397
77.9508
77.962
77.9731
77.9843
77.9954
78.0066
78.0177
78.0288
78.04
78.0511
78.0623
78.0734
78.0846
78.0957
78.1068
78.118
78.1291
78.1403
78.1514
78.1625
78.1737
78.1848
78.1959
78.2071
78.2182
78.2294
78.2405
78.2516
78.2628
78.2739
78.285
78.2962
78.3073
78.3184
78.3296
78.3407
78.3518
78.363
78.3741
78.3852
78.3964
78.4075
78.4186
78.4297
78.4409
78.452
78.4631
78.4743
78.4854
78.4965
78.5077
78.5188
78.5299
78.541
78.5522
78.5633
78.5744
78.5855
78.5967
78.6078
78.6189
78.63
78.6412
78.6523
78.6634
78.6745
78.6857
78.6968
78.7079
78.719
78.7302
78.7413
78.7524
78.7635
78.7746
78.7858
78.7969
78.808
78.8191
78.8302
78.8414
78.8525
78.8636
78.8747
78.8858
78.8969
78.9081
78.9192
78.9303
78.9414
78.9525
78.9636
78.9748
78.9859
78.997
79.0081
79.0192
79.0303
79.0414
79.0526
79.0637
79.0748
79.0859
79.097
79.1081
79.1192
79.1303
79.1415
79.1526
79.1637
79.1748
79.1859
79.197
79.2081
79.2192
79.2303
79.2414
79.2525
79.2637
79.2748
79.2859
79.297
79.3081
79.3192
79.3303
79.3414
79.3525
79.3636
79.3747
79.3858
79.3969
79.408
79.4191
79.4302
79.4413
79.4524
79.4635
79.4746
79.4857
79.4968
79.5079
79.519
79.5301
79.5412
79.5523
79.5634
79.5745
79.5856
79.5967
79.6078
79.6189
79.63
79.6411
79.6522
79.6633
79.6744
79.6855
79.6966
79.7077
79.7188
79.7299
79.741
79.7521
79.7632
79.7743
79.7853
79.7964
79.8075
79.8186
79.8297
79.8408
79.8519
79.863
79.8741
79.8852
79.8963
79.9074
79.9184
79.9295
79.9406
79.9517
79.9628
79.9739
79.985
79.9961
80.0071
80.0182
80.0293
80.0404
80.0515
80.0626
80.0737
80.0847
80.0958
80.1069
80.118
80.1291
80.1402
80.1513
80.1623
80.1734
80.1845
80.1956
80.2067
80.2177
80.2288
80.2399
80.251
80.2621
80.2731
80.2842
80.2953
80.3064
80.3175
80.3285
80.3396
80.3507
80.3618
80.3729
80.3839
80.395
80.4061
80.4172
80.4282
80.4393
80.4504
80.4615
80.4725
80.4836
80.4947
80.5058
80.5168
80.5279
80.539
80.5501
80.5611
80.5722
80.5833
80.5943
80.6054
80.6165
80.6276
80.6386
80.6497
80.6608
80.6718
80.6829
80.694
80.705
80.7161
80.7272
80.7382
80.7493
80.7604
80.7714
80.7825
80.7936
80.8046
80.8157
80.8268
80.8378
80.8489
80.86
80.871
80.8821
80.8932
80.9042
80.9153
80.9264
80.9374
80.9485
80.9595
80.9706
80.9817
80.9927
81.0038
81.0148
81.0259
81.037
81.048
81.0591
81.0701
81.0812
81.0923
81.1033
81.1144
81.1254
81.1365
81.1476
81.1586
81.1697
81.1807
81.1918
81.2028
81.2139
81.2249
81.236
81.2471
81.2581
81.2692
81.2802
81.2913
81.3023
81.3134
81.3244
81.3355
81.3465
81.3576
81.3686
81.3797
81.3907
81.4018
81.4128
81.4239
81.4349
81.446
81.457
81.4681
81.4791
81.4902
81.5012
81.5123
81.5233
81.5344
81.5454
81.5565
81.5675
81.5786
81.5896
81.6007
81.6117
81.6228
81.6338
81.6448
81.6559
81.6669
81.678
81.689
81.7001
81.7111
81.7221
81.7332
81.7442
81.7553
81.7663
81.7774
81.7884
81.7994
81.8105
81.8215
81.8326
81.8436
81.8546
81.8657
81.8767
81.8878
81.8988
81.9098
81.9209
81.9319
81.9429
81.954
81.965
81.9761
81.9871
81.9981
82.0092
82.0202
82.0312
82.0423
82.0533
82.0643
82.0754
82.0864
82.0974
82.1085
82.1195
82.1305
82.1416
82.1526
82.1636
82.1747
82.1857
82.1967
82.2078
82.2188
82.2298
82.2409
82.2519
82.2629
82.2739
82.285
82.296
82.307
82.3181
82.3291
82.3401
82.3511
82.3622
82.3732
82.3842
82.3952
82.4063
82.4173
82.4283
82.4393
82.4504
82.4614
82.4724
82.4834
82.4945
82.5055
82.5165
82.5275
82.5386
82.5496
82.5606
82.5716
82.5827
82.5937
82.6047
82.6157
82.6267
82.6378
82.6488
82.6598
82.6708
82.6818
82.6929
82.7039
82.7149
82.7259
82.7369
82.7479
82.759
82.77
82.781
82.792
82.803
82.814
82.8251
82.8361
82.8471
82.8581
82.8691
82.8801
82.8912
82.9022
82.9132
82.9242
82.9352
82.9462
82.9572
82.9682
82.9793
82.9903
83.0013
83.0123
83.0233
83.0343
83.0453
83.0563
83.0673
83.0784
83.0894
83.1004
83.1114
83.1224
83.1334
83.1444
83.1554
83.1664
83.1774
83.1884
83.1994
83.2105
83.2215
83.2325
83.2435
83.2545
83.2655
83.2765
83.2875
83.2985
83.3095
83.3205
83.3315
83.3425
83.3535
83.3645
83.3755
83.3865
83.3975
83.4085
83.4195
83.4305
83.4415
83.4525
83.4635
83.4745
83.4855
83.4965
83.5075
83.5185
83.5295
83.5405
83.5515
83.5625
83.5735
83.5845
83.5955
83.6065
83.6175
83.6285
83.6395
83.6505
83.6615
83.6725
83.6835
83.6945
83.7055
83.7165
83.7275
83.7385
83.7495
83.7605
83.7715
83.7825
83.7934
83.8044
83.8154
83.8264
83.8374
83.8484
83.8594
83.8704
83.8814
83.8924
83.9034
83.9144
83.9253
83.9363
83.9473
83.9583
83.9693
83.9803
83.9913
84.0023
84.0133
84.0242
84.0352
84.0462
84.0572
84.0682
84.0792
84.0902
84.1012
84.1121
84.1231
84.1341
84.1451
84.1561
84.1671
84.1781
84.189
84.2
84.211
84.222
84.233
84.244
84.2549
84.2659
84.2769
84.2879
84.2989
84.3098
84.3208
84.3318
84.3428
84.3538
84.3648
84.3757
84.3867
84.3977
84.4087
84.4196
84.4306
84.4416
84.4526
84.4636
84.4745
84.4855
84.4965
84.5075
84.5184
84.5294
84.5404
84.5514
84.5624
84.5733
84.5843
84.5953
84.6063
84.6172
84.6282
84.6392
84.6502
84.6611
84.6721
84.6831
84.694
84.705
84.716
84.727
84.7379
84.7489
84.7599
84.7708
84.7818
84.7928
84.8038
84.8147
84.8257
84.8367
84.8476
84.8586
84.8696
84.8805
84.8915
84.9025
84.9135
84.9244
84.9354
84.9464
84.9573
84.9683
84.9793
84.9902
85.0012
85.0122
85.0231
85.0341
85.045
85.056
85.067
85.0779
85.0889
85.0999
85.1108
85.1218
85.1328
85.1437
85.1547
85.1657
85.1766
85.1876
85.1985
85.2095
85.2205
85.2314
85.2424
85.2533
85.2643
85.2753
85.2862
85.2972
85.3081
85.3191
85.3301
85.341
85.352
85.3629
85.3739
85.3849
85.3958
85.4068
85.4177
85.4287
85.4396
85.4506
85.4615
85.4725
85.4835
85.4944
85.5054
85.5163
85.5273
85.5382
85.5492
85.5601
85.5711
85.582
85.593
85.604
85.6149
85.6259
85.6368
85.6478
85.6587
85.6697
85.6806
85.6916
85.7025
85.7135
85.7244
85.7354
85.7463
85.7573
85.7682
85.7792
85.7901
85.8011
85.812
85.823
85.8339
85.8449
85.8558
85.8668
85.8777
85.8887
85.8996
85.9105
85.9215
85.9324
85.9434
85.9543
85.9653
85.9762
85.9872
85.9981
86.0091
86.02
86.0309
86.0419
86.0528
86.0638
86.0747
86.0857
86.0966
86.1075
86.1185
86.1294
86.1404
86.1513
86.1622
86.1732
86.1841
86.1951
86.206
86.217
86.2279
86.2388
86.2498
86.2607
86.2716
86.2826
86.2935
86.3045
86.3154
86.3263
86.3373
86.3482
86.3592
86.3701
86.381
86.392
86.4029
86.4138
86.4248
86.4357
86.4466
86.4576
86.4685
86.4794
86.4904
86.5013
86.5122
86.5232
86.5341
86.545
86.556
86.5669
86.5778
86.5888
86.5997
86.6106
86.6216
86.6325
86.6434
86.6544
86.6653
86.6762
86.6872
86.6981
86.709
86.7199
86.7309
86.7418
86.7527
86.7637
86.7746
86.7855
86.7964
86.8074
86.8183
86.8292
86.8402
86.8511
86.862
86.8729
86.8839
86.8948
86.9057
86.9166
86.9276
86.9385
86.9494
86.9603
86.9713
86.9822
86.9931
87.004
87.015
87.0259
87.0368
87.0477
87.0587
87.0696
87.0805
87.0914
87.1023
87.1133
87.1242
87.1351
87.146
87.1569
87.1679
87.1788
87.1897
87.2006
87.2115
87.2225
87.2334
87.2443
87.2552
87.2661
87.2771
87.288
87.2989
87.3098
87.3207
87.3316
87.3426
87.3535
87.3644
87.3753
87.3862
87.3971
87.4081
87.419
87.4299
87.4408
87.4517
87.4626
87.4735
87.4845
87.4954
87.5063
87.5172
87.5281
87.539
87.5499
87.5609
87.5718
87.5827
87.5936
87.6045
87.6154
87.6263
87.6372
87.6481
87.6591
87.67
87.6809
87.6918
87.7027
87.7136
87.7245
87.7354
87.7463
87.7572
87.7681
87.7791
87.79
87.8009
87.8118
87.8227
87.8336
87.8445
87.8554
87.8663
87.8772
87.8881
87.899
87.9099
87.9208
87.9317
87.9427
87.9536
87.9645
87.9754
87.9863
87.9972
88.0081
88.019
88.0299
88.0408
88.0517
88.0626
88.0735
88.0844
88.0953
88.1062
88.1171
88.128
88.1389
88.1498
88.1607
88.1716
88.1825
88.1934
88.2043
88.2152
88.2261
88.237
88.2479
88.2588
88.2697
88.2806
88.2915
88.3024
88.3133
88.3242
88.3351
88.346
88.3569
88.3678
88.3787
88.3896
88.4005
88.4114
88.4223
88.4332
88.4441
88.4549
88.4658
88.4767
88.4876
88.4985
88.5094
88.5203
88.5312
88.5421
88.553
88.5639
88.5748
88.5857
88.5966
88.6075
88.6183
88.6292
88.6401
88.651
88.6619
88.6728
88.6837
88.6946
88.7055
88.7164
88.7273
88.7381
88.749
88.7599
88.7708
88.7817
88.7926
88.8035
88.8144
88.8252
88.8361
88.847
88.8579
88.8688
88.8797
88.8906
88.9015
88.9123
88.9232
88.9341
88.945
88.9559
88.9668
88.9777
88.9885
88.9994
89.0103
89.0212
89.0321
89.043
89.0538
89.0647
89.0756
89.0865
89.0974
89.1083
89.1191
89.13
89.1409
89.1518
89.1627
89.1735
89.1844
89.1953
89.2062
89.2171
89.228
89.2388
89.2497
89.2606
89.2715
89.2824
89.2932
89.3041
89.315
89.3259
89.3367
89.3476
89.3585
89.3694
89.3803
89.3911
89.402
89.4129
89.4238
89.4346
89.4455
89.4564
89.4673
89.4781
89.489
89.4999
89.5108
89.5216
89.5325
89.5434
89.5543
89.5651
89.576
89.5869
89.5978
89.6086
89.6195
89.6304
89.6412
89.6521
89.663
89.6739
89.6847
89.6956
89.7065
89.7174
89.7282
89.7391
89.75
89.7608
89.7717
89.7826
89.7934
89.8043
89.8152
89.8261
89.8369
89.8478
89.8587
89.8695
89.8804
89.8913
89.9021
89.913
89.9239
89.9347
89.9456
89.9565
89.9673
89.9782
89.9891
89.9999
90.0108
90.0217
90.0325
90.0434
90.0543
90.0651
90.076
90.0868
90.0977
90.1086
90.1194
90.1303
90.1412
90.152
90.1629
90.1738
90.1846
90.1955
90.2063
90.2172
90.2281
90.2389
90.2498
90.2607
90.2715
90.2824
90.2932
90.3041
90.315
90.3258
90.3367
90.3475
90.3584
90.3693
90.3801
90.391
90.4018
90.4127
90.4235
90.4344
90.4453
90.4561
90.467
90.4778
90.4887
90.4995
90.5104
90.5213
90.5321
90.543
90.5538
90.5647
90.5755
90.5864
90.5972
90.6081
90.619
90.6298
90.6407
90.6515
90.6624
90.6732
90.6841
90.6949
90.7058
90.7166
90.7275
90.7383
90.7492
90.7601
90.7709
90.7818
90.7926
90.8035
90.8143
90.8252
90.836
90.8469
90.8577
90.8686
90.8794
90.8903
90.9011
90.912
90.9228
90.9337
90.9445
90.9554
90.9662
90.9771
90.9879
90.9988
91.0096
91.0204
91.0313
91.0421
91.053
91.0638
91.0747
91.0855
91.0964
91.1072
91.1181
91.1289
91.1398
91.1506
91.1614
91.1723
91.1831
91.194
91.2048
91.2157
91.2265
91.2374
91.2482
91.259
91.2699
91.2807
91.2916
91.3024
91.3133
91.3241
91.3349
91.3458
91.3566
91.3675
91.3783
91.3891
91.4
91.4108
91.4217
91.4325
91.4434
91.4542
91.465
91.4759
91.4867
91.4975
91.5084
91.5192
91.5301
91.5409
91.5517
91.5626
91.5734
91.5843
91.5951
91.6059
91.6168
91.6276
91.6384
91.6493
91.6601
91.671
91.6818
91.6926
91.7035
91.7143
91.7251
91.736
91.7468
91.7576
91.7685
91.7793
91.7901
91.801
91.8118
91.8226
91.8335
91.8443
91.8551
91.866
91.8768
91.8876
91.8985
91.9093
91.9201
91.931
91.9418
91.9526
91.9635
91.9743
91.9851
91.996
92.0068
92.0176
92.0284
92.0393
92.0501
92.0609
92.0718
92.0826
92.0934
92.1042
92.1151
92.1259
92.1367
92.1476
92.1584
92.1692
92.18
92.1909
92.2017
92.2125
92.2234
92.2342
92.245
92.2558
92.2667
92.2775
92.2883
92.2991
92.31
92.3208
92.3316
92.3424
92.3533
92.3641
92.3749
92.3857
92.3966
92.4074
92.4182
92.429
92.4398
92.4507
92.4615
92.4723
92.4831
92.494
92.5048
92.5156
92.5264
92.5372
92.5481
92.5589
92.5697
92.5805
92.5914
92.6022
92.613
92.6238
92.6346
92.6455
92.6563
92.6671
92.6779
92.6887
92.6995
92.7104
92.7212
92.732
92.7428
92.7536
92.7645
92.7753
92.7861
92.7969
92.8077
92.8185
92.8294
92.8402
92.851
92.8618
92.8726
92.8834
92.8943
92.9051
92.9159
92.9267
92.9375
92.9483
92.9591
92.97
92.9808
92.9916
93.0024
93.0132
93.024
93.0348
93.0457
93.0565
93.0673
93.0781
93.0889
93.0997
93.1105
93.1213
93.1322
93.143
93.1538
93.1646
93.1754
93.1862
93.197
93.2078
93.2186
93.2294
93.2403
93.2511
93.2619
93.2727
93.2835
93.2943
93.3051
93.3159
93.3267
93.3375
93.3483
93.3592
93.37
93.3808
93.3916
93.4024
93.4132
93.424
93.4348
93.4456
93.4564
93.4672
93.478
93.4888
93.4996
93.5104
93.5212
93.5321
93.5429
93.5537
93.5645
93.5753
93.5861
93.5969
93.6077
93.6185
93.6293
93.6401
93.6509
93.6617
93.6725
93.6833
93.6941
93.7049
93.7157
93.7265
93.7373
93.7481
93.7589
93.7697
93.7805
93.7913
93.8021
93.8129
93.8237
93.8345
93.8453
93.8561
93.8669
93.8777
93.8885
93.8993
93.9101
93.9209
93.9317
93.9425
93.9533
93.9641
93.9749
93.9857
93.9965
94.0073
94.0181
94.0289
94.0397
94.0505
94.0613
94.0721
94.0829
94.0937
94.1045
94.1153
94.1261
94.1369
94.1477
94.1585
94.1692
94.18
94.1908
94.2016
94.2124
94.2232
94.234
94.2448
94.2556
94.2664
94.2772
94.288
94.2988
94.3096
94.3204
94.3311
94.3419
94.3527
94.3635
94.3743
94.3851
94.3959
94.4067
94.4175
94.4283
94.4391
94.4499
94.4606
94.4714
94.4822
94.493
94.5038
94.5146
94.5254
94.5362
94.547
94.5577
94.5685
94.5793
94.5901
94.6009
94.6117
94.6225
94.6333
94.6441
94.6548
94.6656
94.6764
94.6872
94.698
94.7088
94.7196
94.7303
94.7411
94.7519
94.7627
94.7735
94.7843
94.7951
94.8058
94.8166
94.8274
94.8382
94.849
94.8598
94.8705
94.8813
94.8921
94.9029
94.9137
94.9245
94.9352
94.946
94.9568
94.9676
94.9784
94.9892
94.9999
95.0107
95.0215
95.0323
95.0431
95.0538
95.0646
95.0754
95.0862
95.097
95.1078
95.1185
95.1293
95.1401
95.1509
95.1617
95.1724
95.1832
95.194
95.2048
95.2155
95.2263
95.2371
95.2479
95.2587
95.2694
95.2802
95.291
95.3018
95.3125
95.3233
95.3341
95.3449
95.3557
95.3664
95.3772
95.388
95.3988
95.4095
95.4203
95.4311
95.4419
95.4526
95.4634
95.4742
95.485
95.4957
95.5065
95.5173
95.5281
95.5388
95.5496
95.5604
95.5711
95.5819
95.5927
95.6035
95.6142
95.625
95.6358
95.6466
95.6573
95.6681
95.6789
95.6896
95.7004
95.7112
95.722
95.7327
95.7435
95.7543
95.765
95.7758
95.7866
95.7973
95.8081
95.8189
95.8297
95.8404
95.8512
95.862
95.8727
95.8835
95.8943
95.905
95.9158
95.9266
95.9373
95.9481
95.9589
95.9696
95.9804
95.9912
96.0019
96.0127
96.0235
96.0342
96.045
96.0558
96.0665
96.0773
96.0881
96.0988
96.1096
96.1204
96.1311
96.1419
96.1527
96.1634
96.1742
96.1849
96.1957
96.2065
96.2172
96.228
96.2388
96.2495
96.2603
96.2711
96.2818
96.2926
96.3033
96.3141
96.3249
96.3356
96.3464
96.3571
96.3679
96.3787
96.3894
96.4002
96.411
96.4217
96.4325
96.4432
96.454
96.4648
96.4755
96.4863
96.497
96.5078
96.5185
96.5293
96.5401
96.5508
96.5616
96.5723
96.5831
96.5939
96.6046
96.6154
96.6261
96.6369
96.6476
96.6584
96.6692
96.6799
96.6907
96.7014
96.7122
96.7229
96.7337
96.7445
96.7552
96.766
96.7767
96.7875
96.7982
96.809
96.8197
96.8305
96.8412
96.852
96.8628
96.8735
96.8843
96.895
96.9058
96.9165
96.9273
96.938
96.9488
96.9595
96.9703
96.981
96.9918
97.0025
97.0133
97.024
97.0348
97.0455
97.0563
97.0671
97.0778
97.0886
97.0993
97.1101
97.1208
97.1316
97.1423
97.1531
97.1638
97.1746
97.1853
97.1961
97.2068
97.2175
97.2283
97.239
97.2498
97.2605
97.2713
97.282
97.2928
97.3035
97.3143
97.325
97.3358
97.3465
97.3573
97.368
97.3788
97.3895
97.4003
97.411
97.4217
97.4325
97.4432
97.454
97.4647
97.4755
97.4862
97.497
97.5077
97.5185
97.5292
97.5399
97.5507
97.5614
97.5722
97.5829
97.5937
97.6044
97.6152
97.6259
97.6366
97.6474
97.6581
97.6689
97.6796
97.6903
97.7011
97.7118
97.7226
97.7333
97.7441
97.7548
97.7655
97.7763
97.787
97.7978
97.8085
97.8192
97.83
97.8407
97.8515
97.8622
97.8729
97.8837
97.8944
97.9052
97.9159
97.9266
97.9374
97.9481
97.9589
97.9696
97.9803
97.9911
98.0018
98.0125
98.0233
98.034
98.0448
98.0555
98.0662
98.077
98.0877
98.0984
98.1092
98.1199
98.1306
98.1414
98.1521
98.1629
98.1736
98.1843
98.1951
98.2058
98.2165
98.2273
98.238
98.2487
98.2595
98.2702
98.2809
98.2917
98.3024
98.3131
98.3239
98.3346
98.3453
98.3561
98.3668
98.3775
98.3883
98.399
98.4097
98.4205
98.4312
98.4419
98.4527
98.4634
98.4741
98.4848
98.4956
98.5063
98.517
98.5278
98.5385
98.5492
98.56
98.5707
98.5814
98.5922
98.6029
98.6136
98.6243
98.6351
98.6458
98.6565
98.6673
98.678
98.6887
98.6994
98.7102
98.7209
98.7316
98.7424
98.7531
98.7638
98.7745
98.7853
98.796
98.8067
98.8174
98.8282
98.8389
98.8496
98.8603
98.8711
98.8818
98.8925
98.9032
98.914
98.9247
98.9354
98.9461
98.9569
98.9676
98.9783
98.989
98.9998
99.0105
99.0212
99.0319
99.0427
99.0534
99.0641
99.0748
99.0856
99.0963
99.107
99.1177
99.1284
99.1392
99.1499
99.1606
99.1713
99.1821
99.1928
99.2035
99.2142
99.2249
99.2357
99.2464
99.2571
99.2678
99.2785
99.2893
99.3
99.3107
99.3214
99.3321
99.3429
99.3536
99.3643
99.375
99.3857
99.3965
99.4072
99.4179
99.4286
99.4393
99.45
99.4608
99.4715
99.4822
99.4929
99.5036
99.5143
99.5251
99.5358
99.5465
99.5572
99.5679
99.5786
99.5894
99.6001
99.6108
99.6215
99.6322
99.6429
99.6537
99.6644
99.6751
99.6858
99.6965
99.7072
99.7179
99.7287
99.7394
99.7501
99.7608
99.7715
99.7822
99.7929
99.8037
99.8144
99.8251
99.8358
99.8465
99.8572
99.8679
99.8786
99.8894
99.9001
99.9108
99.9215
99.9322
99.9429
99.9536
99.9643
99.975
99.9858
99.9965
100.007
100.018
100.029
100.039
100.05
100.061
100.071
100.082
100.093
100.104
100.114
100.125
100.136
100.146
100.157
100.168
100.179
100.189
100.2
100.211
100.221
100.232
100.243
100.253
100.264
100.275
100.286
100.296
100.307
100.318
100.328
100.339
100.35
100.361
100.371
100.382
100.393
100.403
100.414
100.425
100.435
100.446
100.457
100.468
100.478
100.489
100.5
100.51
100.521
100.532
100.543
100.553
100.564
100.575
100.585
100.596
100.607
100.617
100.628
100.639
100.65
100.66
100.671
100.682
100.692
100.703
100.714
100.724
100.735
100.746
100.757
100.767
100.778
100.789
100.799
100.81
100.821
100.831
100.842
100.853
100.864
100.874
100.885
100.896
100.906
100.917
100.928
100.938
100.949
100.96
100.971
100.981
100.992
101.003
101.013
101.024
101.035
101.045
101.056
101.067
101.078
101.088
101.099
101.11
101.12
101.131
101.142
101.152
101.163
101.174
101.184
101.195
101.206
101.217
101.227
101.238
101.249
101.259
101.27
101.281
101.291
101.302
101.313
101.324
101.334
101.345
101.356
101.366
101.377
101.388
101.398
101.409
101.42
101.43
101.441
101.452
101.463
101.473
101.484
101.495
101.505
101.516
101.527
101.537
101.548
101.559
101.569
101.58
101.591
101.602
101.612
101.623
101.634
101.644
101.655
101.666
101.676
101.687
101.698
101.708
101.719
101.73
101.74
101.751
101.762
101.773
101.783
101.794
101.805
101.815
101.826
101.837
101.847
101.858
101.869
101.879
101.89
101.901
101.911
101.922
101.933
101.944
101.954
101.965
101.976
101.986
101.997
102.008
102.018
102.029
102.04
102.05
102.061
102.072
102.082
102.093
102.104
102.114
102.125
102.136
102.147
102.157
102.168
102.179
102.189
102.2
102.211
102.221
102.232
102.243
102.253
102.264
102.275
102.285
102.296
102.307
102.317
102.328
102.339
102.349
102.36
102.371
102.382
102.392
102.403
102.414
102.424
102.435
102.446
102.456
102.467
102.478
102.488
102.499
102.51
102.52
102.531
102.542
102.552
102.563
102.574
102.584
102.595
102.606
102.616
102.627
102.638
102.648
102.659
102.67
102.681
102.691
102.702
102.713
102.723
102.734
102.745
102.755
102.766
102.777
102.787
102.798
102.809
102.819
102.83
102.841
102.851
102.862
102.873
102.883
102.894
102.905
102.915
102.926
102.937
102.947
102.958
102.969
102.979
102.99
103.001
103.011
103.022
103.033
103.043
103.054
103.065
103.075
103.086
103.097
103.107
103.118
103.129
103.14
103.15
103.161
103.172
103.182
103.193
103.204
103.214
103.225
103.236
103.246
103.257
103.268
103.278
103.289
103.3
103.31
103.321
103.332
103.342
103.353
103.364
103.374
103.385
103.396
103.406
103.417
103.428
103.438
103.449
103.46
103.47
103.481
103.492
103.502
103.513
103.524
103.534
103.545
103.556
103.566
103.577
103.588
103.598
103.609
103.62
103.63
103.641
103.652
103.662
103.673
103.684
103.694
103.705
103.716
103.726
103.737
103.748
103.758
103.769
103.78
103.79
103.801
103.812
103.822
103.833
103.844
103.854
103.865
103.876
103.886
103.897
103.908
103.918
103.929
103.939
103.95
103.961
103.971
103.982
103.993
104.003
104.014
104.025
104.035
104.046
104.057
104.067
104.078
104.089
104.099
104.11
104.121
104.131
104.142
104.153
104.163
104.174
104.185
104.195
104.206
104.217
104.227
104.238
104.249
104.259
104.27
104.281
104.291
104.302
104.313
104.323
104.334
104.345
104.355
104.366
104.377
104.387
104.398
104.408
104.419
104.43
104.44
104.451
104.462
104.472
104.483
104.494
104.504
104.515
104.526
104.536
104.547
104.558
104.568
104.579
104.59
104.6
104.611
104.622
104.632
104.643
104.654
104.664
104.675
104.686
104.696
104.707
104.717
104.728
104.739
104.749
104.76
104.771
104.781
104.792
104.803
104.813
104.824
104.835
104.845
104.856
104.867
104.877
104.888
104.899
104.909
104.92
104.931
104.941
104.952
104.962
104.973
104.984
104.994
105.005
105.016
105.026
105.037
105.048
105.058
105.069
105.08
105.09
105.101
105.112
105.122
105.133
105.143
105.154
105.165
105.175
105.186
105.197
105.207
105.218
105.229
105.239
105.25
105.261
105.271
105.282
105.293
105.303
105.314
105.324
105.335
105.346
105.356
105.367
105.378
105.388
105.399
105.41
105.42
105.431
105.442
105.452
105.463
105.474
105.484
105.495
105.505
105.516
105.527
105.537
105.548
105.559
105.569
105.58
105.591
105.601
105.612
105.623
105.633
105.644
105.654
105.665
105.676
105.686
105.697
105.708
105.718
105.729
105.74
105.75
105.761
105.772
105.782
105.793
105.803
105.814
105.825
105.835
105.846
105.857
105.867
105.878
105.889
105.899
105.91
105.92
105.931
105.942
105.952
105.963
105.974
105.984
105.995
106.006
106.016
106.027
106.037
106.048
106.059
106.069
106.08
106.091
106.101
106.112
106.123
106.133
106.144
106.155
106.165
106.176
106.186
106.197
106.208
106.218
106.229
106.24
106.25
106.261
106.272
106.282
106.293
106.303
106.314
106.325
106.335
106.346
106.357
106.367
106.378
106.388
106.399
106.41
106.42
106.431
106.442
106.452
106.463
106.474
106.484
106.495
106.505
106.516
106.527
106.537
106.548
106.559
106.569
106.58
106.591
106.601
106.612
106.622
106.633
106.644
106.654
106.665
106.676
106.686
106.697
106.707
106.718
106.729
106.739
106.75
106.761
106.771
106.782
106.793
106.803
106.814
106.824
106.835
106.846
106.856
106.867
106.878
106.888
106.899
106.909
106.92
106.931
106.941
106.952
106.963
106.973
106.984
106.994
107.005
107.016
107.026
107.037
107.048
107.058
107.069
107.079
107.09
107.101
107.111
107.122
107.133
107.143
107.154
107.164
107.175
107.186
107.196
107.207
107.218
107.228
107.239
107.249
107.26
107.271
107.281
107.292
107.303
107.313
107.324
107.334
107.345
107.356
107.366
107.377
107.388
107.398
107.409
107.419
107.43
107.441
107.451
107.462
107.473
107.483
107.494
107.504
107.515
107.526
107.536
107.547
107.558
107.568
107.579
107.589
107.6
107.611
107.621
107.632
107.643
107.653
107.664
107.674
107.685
107.696
107.706
107.717
107.727
107.738
107.749
107.759
107.77
107.781
107.791
107.802
107.812
107.823
107.834
107.844
107.855
107.866
107.876
107.887
107.897
107.908
107.919
107.929
107.94
107.95
107.961
107.972
107.982
107.993
108.004
108.014
108.025
108.035
108.046
108.057
108.067
108.078
108.089
108.099
108.11
108.12
108.131
108.142
108.152
108.163
108.173
108.184
108.195
108.205
108.216
108.227
108.237
108.248
108.258
108.269
108.28
108.29
108.301
108.311
108.322
108.333
108.343
108.354
108.364
108.375
108.386
108.396
108.407
108.418
108.428
108.439
108.449
108.46
108.471
108.481
108.492
108.502
108.513
108.524
108.534
108.545
108.556
108.566
108.577
108.587
108.598
108.609
108.619
108.63
108.64
108.651
108.662
108.672
108.683
108.693
108.704
108.715
108.725
108.736
108.746
108.757
108.768
108.778
108.789
108.8
108.81
108.821
108.831
108.842
108.853
108.863
108.874
108.884
108.895
108.906
108.916
108.927
108.937
108.948
108.959
108.969
108.98
108.99
109.001
109.012
109.022
109.033
109.044
109.054
109.065
109.075
109.086
109.097
109.107
109.118
109.128
109.139
109.15
109.16
109.171
109.181
109.192
109.203
109.213
109.224
109.234
109.245
109.256
109.266
109.277
109.287
109.298
109.309
109.319
109.33
109.34
109.351
109.362
109.372
109.383
109.393
109.404
109.415
109.425
109.436
109.446
109.457
109.468
109.478
109.489
109.499
109.51
109.521
109.531
109.542
109.553
109.563
109.574
109.584
109.595
109.606
109.616
109.627
109.637
109.648
109.659
109.669
109.68
109.69
109.701
109.712
109.722
109.733
109.743
109.754
109.765
109.775
109.786
109.796
109.807
109.817
109.828
109.839
109.849
109.86
109.87
109.881
109.892
109.902
109.913
109.923
109.934
109.945
109.955
109.966
109.976
109.987
109.998
110.008
110.019
110.029
110.04
110.051
110.061
110.072
110.082
110.093
110.104
110.114
110.125
110.135
110.146
110.157
110.167
110.178
110.188
110.199
110.21
110.22
110.231
110.241
110.252
110.263
110.273
110.284
110.294
110.305
110.316
110.326
110.337
110.347
110.358
110.368
110.379
110.39
110.4
110.411
110.421
110.432
110.443
110.453
110.464
110.474
110.485
110.496
110.506
110.517
110.527
110.538
110.549
110.559
110.57
110.58
110.591
110.602
110.612
110.623
110.633
110.644
110.654
110.665
110.676
110.686
110.697
110.707
110.718
110.729
110.739
110.75
110.76
110.771
110.782
110.792
110.803
110.813
110.824
110.834
110.845
110.856
110.866
110.877
110.887
110.898
110.909
110.919
110.93
110.94
110.951
110.962
110.972
110.983
110.993
111.004
111.014
111.025
111.036
111.046
111.057
111.067
111.078
111.089
111.099
111.11
111.12
111.131
111.142
111.152
111.163
111.173
111.184
111.194
111.205
111.216
111.226
111.237
111.247
111.258
111.269
111.279
111.29
111.3
111.311
111.321
111.332
111.343
111.353
111.364
111.374
111.385
111.396
111.406
111.417
111.427
111.438
111.448
111.459
111.47
111.48
111.491
111.501
111.512
111.523
111.533
111.544
111.554
111.565
111.575
111.586
111.597
111.607
111.618
111.628
111.639
111.65
111.66
111.671
111.681
111.692
111.702
111.713
111.724
111.734
111.745
111.755
111.766
111.776
111.787
111.798
111.808
111.819
111.829
111.84
111.851
111.861
111.872
111.882
111.893
111.903
111.914
111.925
111.935
111.946
111.956
111.967
111.977
111.988
111.999
112.009
112.02
112.03
112.041
112.052
112.062
112.073
112.083
112.094
112.104
112.115
112.126
112.136
112.147
112.157
112.168
112.178
112.189
112.2
112.21
112.221
112.231
112.242
112.252
112.263
112.274
112.284
112.295
112.305
112.316
112.327
112.337
112.348
112.358
112.369
112.379
112.39
112.401
112.411
112.422
112.432
112.443
112.453
112.464
112.475
112.485
112.496
112.506
112.517
112.527
112.538
112.549
112.559
112.57
112.58
112.591
112.601
112.612
112.623
112.633
112.644
112.654
112.665
112.675
112.686
112.697
112.707
112.718
112.728
112.739
112.749
112.76
112.771
112.781
112.792
112.802
112.813
112.823
112.834
112.845
112.855
112.866
112.876
112.887
112.897
112.908
112.919
112.929
112.94
112.95
112.961
112.971
112.982
112.993
113.003
113.014
113.024
113.035
113.045
113.056
113.067
113.077
113.088
113.098
113.109
113.119
113.13
113.14
113.151
113.162
113.172
113.183
113.193
113.204
113.214
113.225
113.236
113.246
113.257
113.267
113.278
113.288
113.299
113.31
113.32
113.331
113.341
113.352
113.362
113.373
113.383
113.394
113.405
113.415
113.426
113.436
113.447
113.457
113.468
113.479
113.489
113.5
113.51
113.521
113.531
113.542
113.553
113.563
113.574
113.584
113.595
113.605
113.616
113.626
113.637
113.648
113.658
113.669
113.679
113.69
113.7
113.711
113.722
113.732
113.743
113.753
113.764
113.774
113.785
113.795
113.806
113.817
113.827
113.838
113.848
113.859
113.869
113.88
113.891
113.901
113.912
113.922
113.933
113.943
113.954
113.964
113.975
113.986
113.996
114.007
114.017
114.028
114.038
114.049
114.059
114.07
114.081
114.091
114.102
114.112
114.123
114.133
114.144
114.154
114.165
114.176
114.186
114.197
114.207
114.218
114.228
114.239
114.25
114.26
114.271
114.281
114.292
114.302
114.313
114.323
114.334
114.345
114.355
114.366
114.376
114.387
114.397
114.408
114.418
114.429
114.44
114.45
114.461
114.471
114.482
114.492
114.503
114.513
114.524
114.535
114.545
114.556
114.566
114.577
114.587
114.598
114.608
114.619
114.63
114.64
114.651
114.661
114.672
114.682
114.693
114.703
114.714
114.725
114.735
114.746
114.756
114.767
114.777
114.788
114.798
114.809
114.819
114.83
114.841
114.851
114.862
114.872
114.883
114.893
114.904
114.914
114.925
114.936
114.946
114.957
114.967
114.978
114.988
114.999
115.009
115.02
115.031
115.041
115.052
115.062
115.073
115.083
115.094
115.104
115.115
115.125
115.136
115.147
115.157
115.168
115.178
115.189
115.199
115.21
115.22
115.231
115.242
115.252
115.263
115.273
115.284
115.294
115.305
115.315
115.326
115.336
115.347
115.358
115.368
115.379
115.389
115.4
115.41
115.421
115.431
115.442
115.452
115.463
115.474
115.484
115.495
115.505
115.516
115.526
115.537
115.547
115.558
115.568
115.579
115.59
115.6
115.611
115.621
115.632
115.642
115.653
115.663
115.674
115.684
115.695
115.706
115.716
115.727
115.737
115.748
115.758
115.769
115.779
115.79
115.8
115.811
115.822
115.832
115.843
115.853
115.864
115.874
115.885
115.895
115.906
115.916
115.927
115.938
115.948
115.959
115.969
115.98
115.99
116.001
116.011
116.022
116.032
116.043
116.054
116.064
116.075
116.085
116.096
116.106
116.117
116.127
116.138
116.148
116.159
116.169
116.18
116.191
116.201
116.212
116.222
116.233
116.243
116.254
116.264
116.275
116.285
116.296
116.306
116.317
116.328
116.338
116.349
116.359
116.37
116.38
116.391
116.401
116.412
116.422
116.433
116.443
116.454
116.465
116.475
116.486
116.496
116.507
116.517
116.528
116.538
116.549
116.559
116.57
116.58
116.591
116.602
116.612
116.623
116.633
116.644
116.654
116.665
116.675
116.686
116.696
116.707
116.717
116.728
116.739
116.749
116.76
116.77
116.781
116.791
116.802
116.812
116.823
116.833
116.844
116.854
116.865
116.876
116.886
116.897
116.907
116.918
116.928
116.939
116.949
116.96
116.97
116.981
116.991
117.002
117.012
117.023
117.034
117.044
117.055
117.065
117.076
117.086
117.097
117.107
117.118
117.128
117.139
117.149
117.16
117.17
117.181
117.192
117.202
117.213
117.223
117.234
117.244
117.255
117.265
117.276
117.286
117.297
117.307
117.318
117.328
117.339
117.35
117.36
117.371
117.381
117.392
117.402
117.413
117.423
117.434
117.444
117.455
117.465
117.476
117.486
117.497
117.507
117.518
117.529
117.539
117.55
117.56
117.571
117.581
117.592
117.602
117.613
117.623
117.634
117.644
117.655
117.665
117.676
117.686
117.697
117.708
